episode,end_day,epsilon,mean_reward,mean_loss,max_berries,mean_berries,max_berries_consumed,mean_berries_consumed,gini_berries_consumed,mean_berries_thrown,max_health,mean_health,median_health,variance_health,deceased,num_emerged_norms
1,200,0,23.7,0,0.0,0.0,0.0,0.0,0.6071428571428571,0.0,0.7000000000000001,0.7000000000000001,0.7000000000000001,0.0,3,0
2,200,0,15.474999999999964,0,0.0,0.0,0.0,0.0,0.6686046511627907,0.0,0.7000000000000001,0.7,0.7000000000000001,1.2375255450654623e-32,3,2
3,200,0,27.125,0,0.0,0.0,0.0,0.0,0.4285714285714286,0.0,0.7000000000000001,0.7000000000000001,0.7000000000000001,0.0,3,11
4,200,0,28.575,0,0.0,0.0,0.0,0.0,0.4807692307692307,0.0,0.7000000000000001,0.7000000000000001,0.7000000000000001,0.0,3,5
5,200,0,26.375,0,0.0,0.0,0.0,0.0,0.5833333333333334,0.0,0.7000000000000001,0.7000000000000001,0.7000000000000001,0.0,3,5
6,200,0,42.299999999999976,0,0.0,0.0,0.0,0.0,0.46875,0.0,0.7000000000000001,0.7,0.7000000000000001,1.2352177073108264e-32,2,9
7,200,0,46.62499999999997,0,0.0,0.0,0.0,0.0,0.35,0.0,0.7000000000000001,0.7000000000000001,0.7000000000000001,0.0,2,7
8,200,0,28.049999999999997,0,0.0,0.0,0.0,0.0,0.46818181818181814,0.0,0.7000000000000001,0.7000000000000002,0.7000000000000001,1.2362966513880347e-32,3,6
9,200,0,25.55,0,0.0,0.0,0.0,0.0,0.6453488372093024,0.0,0.7000000000000001,0.7000000000000001,0.7000000000000001,0.0,3,3
10,200,0,30.425,0,0.0,0.0,0.0,0.0,0.5,0.0,0.7000000000000001,0.7000000000000002,0.7000000000000001,1.2360478119271806e-32,3,1
11,21,0,1.25,0,0.0,0.0,0.0,0.0,0,0.0,0.7000000000000001,0.7000000000000002,0.7000000000000001,1.251558166937182e-32,4,3
12,200,0,25.1,0,0.0,0.0,0.0,0.0,0.6055555555555555,0.0,0.7000000000000001,0.7000000000000001,0.7000000000000001,0.0,3,3
13,200,0,27.8,0,0.0,0.0,0.0,0.0,0.5520833333333334,0.0,0.7000000000000001,0.7000000000000001,0.7000000000000001,0.0,3,3
14,200,0,26.15,0,0.0,0.0,0.0,0.0,0.6704545454545454,0.0,0.7000000000000001,0.7000000000000001,0.7000000000000001,0.0,3,1
15,200,0,42.42499999999997,0,0.0,0.0,0.0,0.0,0.45744680851063835,0.0,0.7000000000000001,0.7,0.7000000000000001,1.2351846500473432e-32,2,6
16,200,0,42.17499999999996,0,0.0,0.0,0.0,0.0,0.46578947368421053,0.0,0.7000000000000001,0.6999999999999998,0.7000000000000001,4.94098362678752e-32,2,2
17,200,0,26.675,0,0.0,0.0,0.0,0.0,0.5978260869565217,0.0,0.7000000000000001,0.7000000000000002,0.7000000000000001,1.2371101650100574e-32,3,3
18,200,0,25.55,0,0.0,0.0,0.0,0.0,0.5869565217391305,0.0,0.7000000000000001,0.7000000000000001,0.7000000000000001,0.0,3,2
19,200,0,25.325,0,0.0,0.0,0.0,0.0,0.5760869565217391,0.0,0.7000000000000001,0.7000000000000002,0.7000000000000001,1.2370289599632548e-32,3,5
20,200,0,26.2,0,0.0,0.0,0.0,0.0,0.6166666666666667,0.0,0.7000000000000001,0.7000000000000001,0.7000000000000001,0.0,3,2
21,200,0,15.674999999999962,0,0.0,0.0,0.0,0.0,0.6578947368421053,0.0,0.7000000000000001,0.7,0.7000000000000001,1.2375255450654623e-32,3,0
22,200,0,20.374999999999986,0,0.0,0.0,0.0,0.0,0.6987179487179487,0.0,0.7000000000000001,0.7,0.7000000000000001,1.2376467839340925e-32,3,2
23,200,0,44.34999999999997,0,0.0,0.0,0.0,0.0,0.4558823529411765,0.0,0.7000000000000001,0.7,0.7000000000000001,1.2351158089158225e-32,2,11
24,200,0,19.274999999999995,0,0.0,0.0,0.0,0.0,0.6979166666666666,0.0,0.7000000000000001,0.7,0.7000000000000001,1.2375255450654623e-32,3,1
25,200,0,26.425000000000004,0,0.0,0.0,0.0,0.0,0.5,0.0,0.7000000000000001,0.7000000000000002,0.7000000000000001,1.2365712778414045e-32,3,5
26,200,0,25.375,0,0.0,0.0,0.0,0.0,0.6818181818181818,0.0,0.7000000000000001,0.7000000000000001,0.7000000000000001,0.0,3,1
27,200,0,23.9,0,0.0,0.0,0.0,0.0,0.7125,0.0,0.7000000000000001,0.7000000000000001,0.7000000000000001,0.0,3,1
28,200,0,27.575,0,0.0,0.0,0.0,0.0,0.5462962962962963,0.0,0.7000000000000001,0.7000000000000002,0.7000000000000001,1.2362966513880347e-32,3,1
29,200,0,43.89999999999998,0,0.0,0.0,0.0,0.0,0.39948453608247425,0.0,0.7000000000000001,0.7,0.7000000000000001,1.2350263185782606e-32,2,6
30,200,0,30.350000000000005,0,0.0,0.0,0.0,0.0,0.44672131147540983,0.0,0.7000000000000001,0.7,0.7000000000000001,1.235935530707039e-32,3,8
31,200,0,18.799999999999965,0,0.0,0.0,0.0,0.0,0.6136363636363636,0.0,0.7000000000000001,0.7000000000000001,0.7000000000000001,0.0,3,3
32,200,0,24.6,0,0.0,0.0,0.0,0.0,0.6569767441860465,0.0,0.7000000000000001,0.7000000000000001,0.7000000000000001,0.0,3,4
33,200,0,20.599999999999962,0,0.0,0.0,0.0,0.0,0.6826923076923077,0.0,0.7000000000000001,0.7000000000000001,0.7000000000000001,0.0,3,1
34,200,0,24.2,0,0.0,0.0,0.0,0.0,0.7,0.0,0.7000000000000001,0.7,0.7000000000000001,1.2376467839340925e-32,3,1
35,200,0,36.57499999999998,0,0.0,0.0,0.0,0.0,0.44375,0.0,0.7000000000000001,0.6999999999999998,0.7000000000000001,4.941264500142651e-32,2,6
36,200,0,31.34999999999999,0,0.0,0.0,0.0,0.0,0.53125,0.0,0.7000000000000001,0.7000000000000002,0.7000000000000001,1.2357719560686759e-32,3,3
37,200,0,28.874999999999996,0,0.0,0.0,0.0,0.0,0.46698113207547165,0.0,0.7000000000000001,0.7000000000000001,0.7000000000000001,0.0,3,5
38,200,0,46.025,0,0.0,0.0,0.0,0.0,0.5456989247311828,0.0,0.7000000000000001,0.6999999999999998,0.7000000000000001,4.942036403866858e-32,2,2
39,200,0,22.39999999999999,0,0.0,0.0,0.0,0.0,0.6625,0.0,0.7000000000000001,0.6999999999999998,0.7000000000000001,4.949715483739682e-32,3,2
40,200,0,23.55,0,0.0,0.0,0.0,0.0,0.7,0.0,0.7000000000000001,0.7,0.7000000000000001,1.2376467839340925e-32,3,2
41,200,0,23.45,0,0.0,0.0,0.0,0.0,0.7,0.0,0.7000000000000001,0.7,0.7000000000000001,1.2376467839340925e-32,3,1
42,200,0,19.6,0,0.0,0.0,0.0,0.0,0.5869565217391305,0.0,0.7000000000000001,0.7000000000000002,0.7000000000000001,1.2371101650100574e-32,3,5
43,200,0,15.24999999999997,0,0.0,0.0,0.0,0.0,0.6346153846153846,0.0,0.7000000000000001,0.7,0.7000000000000001,1.237409989268799e-32,3,1
44,200,0,24.125,0,0.0,0.0,0.0,0.0,0.7,0.0,0.7000000000000001,0.7,0.7000000000000001,1.237667572491814e-32,3,1
45,200,0,23.375,0,0.0,0.0,0.0,0.0,0.6890243902439024,0.0,0.7000000000000001,0.7,0.7000000000000001,1.237409989268799e-32,3,4
46,200,0,15.699999999999964,0,0.0,0.0,0.0,0.0,0.75,0.0,0.7000000000000001,0.6999999999999998,0.7000000000000001,4.952196501249161e-32,3,1
47,200,0,26.025000000000002,0,0.0,0.0,0.0,0.0,0.5869565217391305,0.0,0.7000000000000001,0.7000000000000002,0.7000000000000001,1.2371101650100574e-32,3,2
48,200,0,27.299999999999997,0,0.0,0.0,0.0,0.0,0.54,0.0,0.7000000000000001,0.7000000000000001,0.7000000000000001,0.0,3,3
49,200,0,25.35,0,0.0,0.0,0.0,0.0,0.6704545454545454,0.0,0.7000000000000001,0.7000000000000001,0.7000000000000001,0.0,3,2
50,200,0,40.24999999999998,0,0.0,0.0,0.0,0.0,0.4444444444444444,0.0,0.7000000000000001,0.6999999999999998,0.7000000000000001,4.94100647801415e-32,2,5
51,200,0,30.52499999999999,0,0.0,0.0,0.0,0.0,0.4563492063492064,0.0,0.7000000000000001,0.7,0.7000000000000001,1.2357884161290948e-32,3,9
52,200,0,28.675,0,0.0,0.0,0.0,0.0,0.51,0.0,0.7000000000000001,0.7000000000000001,0.7000000000000001,0.0,3,2
53,200,0,43.37499999999997,0,0.0,0.0,0.0,0.0,0.43229166666666663,0.0,0.7000000000000001,0.7,0.7000000000000001,1.2350902963195878e-32,2,10
54,200,0,27.4,0,0.0,0.0,0.0,0.0,0.5480769230769231,0.0,0.7000000000000001,0.7000000000000001,0.7000000000000001,0.0,3,3
55,200,0,25.3,0,0.0,0.0,0.0,0.0,0.6086956521739131,0.0,0.7000000000000001,0.7000000000000001,0.7000000000000001,0.0,3,2
56,200,0,28.1,0,0.0,0.0,0.0,0.0,0.4903846153846154,0.0,0.7000000000000001,0.7000000000000002,0.7000000000000001,1.2365712778414045e-32,3,2
57,171,0,11.624999999999977,0,0.0,0.0,0.0,0.0,0,0.0,0.7000000000000001,0.7000000000000001,0.7000000000000001,0.0,4,2
58,200,0,15.47499999999999,0,0.0,0.0,0.0,0.0,0.7380952380952381,0.0,0.7000000000000001,0.6999999999999998,0.7000000000000001,4.951632298396976e-32,3,0
59,200,0,18.474999999999966,0,0.0,0.0,0.0,0.0,0.6136363636363636,0.0,0.7000000000000001,0.7000000000000001,0.7000000000000001,0.0,3,3
60,200,0,24.775,0,0.0,0.0,0.0,0.0,0.5478723404255319,0.0,0.7000000000000001,0.7000000000000001,0.7000000000000001,0.0,3,3
61,80,0,6.2749999999999995,0,0.0,0.0,0.0,0.0,0,0.0,0.7000000000000001,0.7000000000000002,0.7000000000000001,1.2412754120445058e-32,4,2
62,200,0,24.375,0,0.0,0.0,0.0,0.0,0.6428571428571429,0.0,0.7000000000000001,0.7,0.7000000000000001,1.237409989268799e-32,3,0
63,200,0,27.849999999999998,0,0.0,0.0,0.0,0.0,0.5833333333333334,0.0,0.7000000000000001,0.7000000000000002,0.7000000000000001,1.2369972899950018e-32,3,4
64,200,0,24.474999999999998,0,0.0,0.0,0.0,0.0,0.75,0.0,0.7000000000000001,0.6999999999999998,0.7000000000000001,4.952196501249161e-32,3,0
65,200,0,29.75,0,0.0,0.0,0.0,0.0,0.48275862068965514,0.0,0.7000000000000001,0.7000000000000002,0.7000000000000001,1.2361679040148102e-32,3,5
66,200,0,20.42499999999997,0,0.0,0.0,0.0,0.0,0.5944444444444444,0.0,0.7000000000000001,0.7000000000000001,0.7000000000000001,0.0,3,1
67,200,0,37.79999999999999,0,0.0,0.0,0.0,0.0,0.4205882352941176,0.0,0.7000000000000001,0.7,0.7000000000000001,1.235147121269959e-32,2,4
68,200,0,28.65,0,0.0,0.0,0.0,0.0,0.4590909090909091,0.0,0.7000000000000001,0.7000000000000002,0.7000000000000001,1.2362311383441371e-32,3,3
69,200,0,24.349999999999998,0,0.0,0.0,0.0,0.0,0.5722222222222222,0.0,0.7000000000000001,0.7000000000000001,0.7000000000000001,0.0,3,4
70,200,0,25.075000000000003,0,0.0,0.0,0.0,0.0,0.6918604651162791,0.0,0.7000000000000001,0.7,0.7000000000000001,1.237409989268799e-32,3,1
71,200,0,23.799999999999986,0,0.0,0.0,0.0,0.0,0.5707547169811321,0.0,0.7000000000000001,0.7000000000000001,0.7000000000000001,0.0,3,5
72,200,0,29.05,0,0.0,0.0,0.0,0.0,0.5049019607843137,0.0,0.7000000000000001,0.7000000000000001,0.7000000000000001,0.0,3,6
73,200,0,24.65,0,0.0,0.0,0.0,0.0,0.6569767441860465,0.0,0.7000000000000001,0.7000000000000001,0.7000000000000001,0.0,3,3
74,200,0,33.024999999999984,0,0.0,0.0,0.0,0.0,0.48134328358208955,0.0,0.7000000000000001,0.7000000000000001,0.7000000000000001,0.0,3,2
75,200,0,39.89999999999998,0,0.0,0.0,0.0,0.0,0.5201149425287356,0.0,0.7000000000000001,0.7,0.7000000000000001,1.2354683466092478e-32,2,6
76,200,0,24.875,0,0.0,0.0,0.0,0.0,0.7012195121951219,0.0,0.7000000000000001,0.7,0.7000000000000001,1.2376467839340925e-32,3,2
77,200,0,31.849999999999998,0,0.0,0.0,0.0,0.0,0.47388059701492535,0.0,0.7000000000000001,0.7000000000000001,0.7000000000000001,0.0,3,5
78,200,0,24.424999999999976,0,0.0,0.0,0.0,0.0,0.5532786885245902,0.0,0.7000000000000001,0.7000000000000002,0.7000000000000001,1.2364470242966055e-32,3,4
79,200,0,23.2,0,0.0,0.0,0.0,0.0,0.675,0.0,0.7000000000000001,0.7000000000000001,0.7000000000000001,0.0,3,0
80,200,0,25.575,0,0.0,0.0,0.0,0.0,0.6086956521739131,0.0,0.7000000000000001,0.7000000000000002,0.7000000000000001,1.2369972899950018e-32,3,5
81,200,0,26.550000000000004,0,0.0,0.0,0.0,0.0,0.44811320754716977,0.0,0.7000000000000001,0.7000000000000001,0.7000000000000001,0.0,3,3
82,200,0,26.599999999999998,0,0.0,0.0,0.0,0.0,0.5797872340425532,0.0,0.7000000000000001,0.7000000000000002,0.7000000000000001,1.2369972899950018e-32,3,2
83,200,0,28.625,0,0.0,0.0,0.0,0.0,0.5990566037735849,0.0,0.7000000000000001,0.7000000000000001,0.7000000000000001,0.0,3,4
84,200,0,23.075,0,0.0,0.0,0.0,0.0,0.7,0.0,0.7000000000000001,0.7,0.7000000000000001,1.2376467839340925e-32,3,1
85,200,0,28.975,0,0.0,0.0,0.0,0.0,0.5288461538461539,0.0,0.7000000000000001,0.7000000000000001,0.7000000000000001,0.0,3,2
86,200,0,21.825,0,0.0,0.0,0.0,0.0,0.75,0.0,0.7000000000000001,0.6999999999999998,0.7000000000000001,4.952196501249161e-32,3,1
87,200,0,41.74999999999997,0,0.0,0.0,0.0,0.0,0.43617021276595747,0.0,0.7000000000000001,0.7,0.7000000000000001,1.2352121392791852e-32,2,4
88,200,0,40.97499999999999,0,0.0,0.0,0.0,0.0,0.4375,0.0,0.7000000000000001,0.7,0.7000000000000001,1.235179221356275e-32,2,4
89,200,0,24.075,0,0.0,0.0,0.0,0.0,0.5909090909090909,0.0,0.7000000000000001,0.7000000000000001,0.7000000000000001,0.0,3,3
90,200,0,26.875,0,0.0,0.0,0.0,0.0,0.45149253731343286,0.0,0.7000000000000001,0.7000000000000002,0.7000000000000001,1.2358997090845275e-32,3,6
91,200,0,25.3,0,0.0,0.0,0.0,0.0,0.6388888888888888,0.0,0.7000000000000001,0.7,0.7000000000000001,1.237228980815379e-32,3,2
92,200,0,34.72500000000001,0,0.0,0.0,0.0,0.0,0.29861111111111116,0.0,0.7000000000000001,0.7,0.7000000000000001,1.2353901647806377e-32,3,5
93,200,0,21.774999999999984,0,0.0,0.0,0.0,0.0,0.6296296296296297,0.0,0.7000000000000001,0.7000000000000002,0.7000000000000001,1.2369972899950018e-32,3,2
94,200,0,26.725,0,0.0,0.0,0.0,0.0,0.6041666666666666,0.0,0.7000000000000001,0.7000000000000001,0.7000000000000001,0.0,3,2
95,200,0,26.425,0,0.0,0.0,0.0,0.0,0.5729166666666666,0.0,0.7000000000000001,0.7000000000000001,0.7000000000000001,0.0,3,2
96,200,0,25.724999999999998,0,0.0,0.0,0.0,0.0,0.5978260869565217,0.0,0.7000000000000001,0.7000000000000002,0.7000000000000001,1.2369972899950018e-32,3,3
97,200,0,16.849999999999962,0,1.0,1.0,0.0,0.0,0.6959459459459459,0.0,0.7000000000000001,0.7,0.7000000000000001,1.2376467839340925e-32,3,1
98,27,0,2.3750000000000004,0,0.0,0.0,0.0,0.0,0,0.0,0.7000000000000001,0.7000000000000003,0.7000000000000001,4.994411575262899e-32,4,1
99,200,0,41.67499999999997,0,0.0,0.0,0.0,0.0,0.48118279569892475,0.0,0.7000000000000001,0.7,0.7000000000000001,1.2352805569228806e-32,2,7
100,200,0,25.9,0,0.0,0.0,0.0,0.0,0.5691489361702128,0.0,0.7000000000000001,0.7000000000000002,0.7000000000000001,1.2369352882261685e-32,3,1
101,200,0,32.324999999999996,0,0.0,0.0,0.0,0.0,0.5,0.0,0.7000000000000001,0.7000000000000001,0.7000000000000001,0.0,3,2
102,128,0,8.82499999999999,0,0.0,0.0,0.0,0.0,0,0.0,0.7000000000000001,0.7000000000000002,0.7000000000000001,1.2395198563427063e-32,4,1
103,200,0,19.474999999999973,0,0.0,0.0,0.0,0.0,0.5833333333333334,0.0,0.7000000000000001,0.7000000000000001,0.7000000000000001,0.0,3,6
104,200,0,31.850000000000005,0,0.0,0.0,0.0,0.0,0.3787878787878788,0.0,0.7000000000000001,0.7,0.7000000000000001,1.2356843753461964e-32,3,7
105,200,0,44.974999999999966,0,0.0,0.0,0.0,0.0,0.3443396226415094,0.0,0.7000000000000001,0.7000000000000002,0.7000000000000001,1.2348444256567504e-32,2,12
106,200,0,17.749999999999968,0,0.0,0.0,0.0,0.0,0.6071428571428571,0.0,0.7000000000000001,0.7000000000000002,0.7000000000000001,1.2371101650100574e-32,3,2
107,200,0,26.52499999999997,0,0.0,0.0,0.0,0.0,0.5102739726027398,0.0,0.7000000000000001,0.7000000000000001,0.7000000000000001,0.0,2,2
108,200,0,25.049999999999997,0,0.0,0.0,0.0,0.0,0.6337209302325582,0.0,0.7000000000000001,0.7000000000000001,0.7000000000000001,0.0,3,1
109,200,0,24.975,0,0.0,0.0,0.0,0.0,0.6785714285714286,0.0,0.7000000000000001,0.7,0.7000000000000001,1.237409989268799e-32,3,0
110,200,0,25.025,0,0.0,0.0,0.0,0.0,0.6904761904761905,0.0,0.7000000000000001,0.7,0.7000000000000001,1.237545345790995e-32,3,2
111,200,0,25.05,0,0.0,0.0,0.0,0.0,0.6453488372093024,0.0,0.7000000000000001,0.7000000000000001,0.7000000000000001,0.0,3,3
112,200,0,23.375,0,0.0,0.0,0.0,0.0,0.6987179487179487,0.0,0.7000000000000001,0.7,0.7000000000000001,1.2376467839340925e-32,3,1
113,200,0,26.2,0,0.0,0.0,0.0,0.0,0.5520833333333334,0.0,0.7000000000000001,0.7000000000000001,0.7000000000000001,0.0,3,2
114,200,0,37.949999999999974,0,0.0,0.0,0.0,0.0,0.4695121951219512,0.0,0.7000000000000001,0.6999999999999998,0.7000000000000001,4.941264500142651e-32,2,2
115,200,0,25.175,0,0.0,0.0,0.0,0.0,0.6611111111111111,0.0,0.7000000000000001,0.7000000000000001,0.7000000000000001,0.0,3,1
116,200,0,40.99999999999998,0,0.0,0.0,0.0,0.0,0.5,0.0,0.7000000000000001,0.7,0.7000000000000001,1.2353526479971103e-32,3,4
117,92,0,7.749999999999999,0,0.0,0.0,0.0,0.0,0,0.0,0.7000000000000001,0.7000000000000001,0.7000000000000001,0.0,4,1
118,200,0,42.14999999999996,0,0.0,0.0,0.0,0.0,0.4552631578947368,0.0,0.7000000000000001,0.7,0.7000000000000001,1.2352121392791852e-32,2,6
119,200,0,15.924999999999963,0,0.0,0.0,0.0,0.0,0.7012195121951219,0.0,0.7000000000000001,0.7,0.7000000000000001,1.2376467839340925e-32,3,0
120,200,0,25.925,0,0.0,0.0,0.0,0.0,0.5833333333333334,0.0,0.7000000000000001,0.7000000000000001,0.7000000000000001,0.0,3,2
121,200,0,26.700000000000003,0,0.0,0.0,0.0,0.0,0.54,0.0,0.7000000000000001,0.7000000000000001,0.7000000000000001,0.0,3,2
122,200,0,25.300000000000004,0,0.0,0.0,0.0,0.0,0.5978260869565217,0.0,0.7000000000000001,0.7000000000000002,0.7000000000000001,1.2369972899950018e-32,3,5
123,200,0,20.974999999999977,0,0.0,0.0,0.0,0.0,0.6861702127659575,0.0,0.7000000000000001,0.6999999999999998,0.7000000000000001,4.949715483739682e-32,3,2
124,200,0,26.025000000000002,0,0.0,0.0,0.0,0.0,0.5663265306122449,0.0,0.7000000000000001,0.7000000000000002,0.7000000000000001,1.23673138979175e-32,3,1
125,200,0,35.874999999999986,0,0.0,0.0,0.0,0.0,0.43000000000000005,0.0,0.7000000000000001,0.7,0.7000000000000001,1.2352805569228806e-32,3,9
126,200,0,44.199999999999974,0,0.0,0.0,0.0,0.0,0.4267676767676768,0.0,0.7000000000000001,0.7,0.7000000000000001,1.2350603547366466e-32,2,13
127,200,0,27.549999999999997,0,0.0,0.0,0.0,0.0,0.59,0.0,0.7000000000000001,0.7000000000000001,0.7000000000000001,0.0,3,4
128,200,0,26.275000000000002,0,0.0,0.0,0.0,0.0,0.4948979591836735,0.0,0.7000000000000001,0.7000000000000001,0.7000000000000001,0.0,3,5
129,200,0,50.150000000000006,0,0.0,0.0,0.0,0.0,0.47596153846153844,0.0,0.7000000000000001,0.7,0.7000000000000001,1.2352177073108264e-32,2,5
130,200,0,25.65,0,0.0,0.0,0.0,0.0,0.5625,0.0,0.7000000000000001,0.7000000000000001,0.7000000000000001,0.0,3,2
131,200,0,32.6,0,0.0,0.0,0.0,0.0,0.42460317460317465,0.0,0.7000000000000001,0.7000000000000001,0.7000000000000001,0.0,3,16
132,200,0,25.65,0,0.0,0.0,0.0,0.0,0.5208333333333334,0.0,0.7000000000000001,0.7000000000000001,0.7000000000000001,0.0,3,4
133,200,0,25.625,0,0.0,0.0,0.0,0.0,0.5722222222222222,0.0,0.7000000000000001,0.7000000000000002,0.7000000000000001,1.2369972899950018e-32,3,3
134,200,0,23.250000000000004,0,0.0,0.0,0.0,0.0,0.6477272727272727,0.0,0.7000000000000001,0.7000000000000001,0.7000000000000001,0.0,3,2
135,200,0,24.075,0,0.0,0.0,0.0,0.0,0.6890243902439024,0.0,0.7000000000000001,0.7,0.7000000000000001,1.237545345790995e-32,3,3
136,200,0,25.2,0,0.0,0.0,0.0,0.0,0.6388888888888888,0.0,0.7000000000000001,0.7000000000000001,0.7000000000000001,0.0,3,4
137,200,0,23.325,0,0.0,0.0,0.0,0.0,0.7125,0.0,0.7000000000000001,0.7000000000000001,0.7000000000000001,0.0,3,1
138,200,0,23.324999999999974,0,0.0,0.0,0.0,0.0,0.44402985074626866,0.0,0.7000000000000001,0.7000000000000001,0.7000000000000001,0.0,3,3
139,200,0,27.875,0,0.0,0.0,0.0,0.0,0.41666666666666663,0.0,0.7000000000000001,0.7000000000000002,0.7000000000000001,1.2362855690916867e-32,3,1
140,200,0,26.5,0,0.0,0.0,0.0,0.0,0.5691489361702128,0.0,0.7000000000000001,0.7000000000000001,0.7000000000000001,0.0,3,1
141,200,0,24.55,0,0.0,0.0,0.0,0.0,0.6890243902439024,0.0,0.7000000000000001,0.7,0.7000000000000001,1.2375255450654623e-32,3,1
142,200,0,19.374999999999968,0,0.0,0.0,0.0,0.0,0.5988372093023255,0.0,0.7000000000000001,0.7000000000000002,0.7000000000000001,1.2369972899950018e-32,3,4
143,200,0,43.59999999999997,0,0.0,0.0,0.0,0.0,0.3964646464646465,0.0,0.7000000000000001,0.7,0.7000000000000001,1.2350554341970682e-32,2,5
144,200,0,18.37499999999999,0,0.0,0.0,0.0,0.0,0.7083333333333334,0.0,0.7000000000000001,0.7,0.7000000000000001,1.2376467839340925e-32,3,1
145,200,0,27.275,0,0.0,0.0,0.0,0.0,0.5357142857142857,0.0,0.7000000000000001,0.7000000000000002,0.7000000000000001,1.23673138979175e-32,3,2
146,200,0,25.025,0,0.0,0.0,0.0,0.0,0.6477272727272727,0.0,0.7000000000000001,0.7000000000000001,0.7000000000000001,0.0,3,3
147,200,0,43.925000000000004,0,0.0,0.0,0.0,0.0,0.49444444444444446,0.0,0.7000000000000001,0.7,0.7000000000000001,1.2353588306957408e-32,2,5
148,200,0,44.424999999999976,0,0.0,0.0,0.0,0.0,0.446969696969697,0.0,0.7000000000000001,0.7,0.7000000000000001,1.2351209741709617e-32,2,6
149,45,0,5.700000000000001,0,0.0,0.0,0.0,0.0,0,0.0,0.7000000000000001,0.7,0.7000000000000001,1.242535447991765e-32,4,6
150,200,0,47.95,0,0.0,0.0,0.0,0.0,0.45999999999999996,0.0,0.7000000000000001,0.7,0.7000000000000001,1.235179221356275e-32,2,4
151,200,0,34.15,0,0.0,0.0,0.0,0.0,0.5368852459016393,0.0,0.7000000000000001,0.7000000000000001,0.7000000000000001,0.0,3,5
152,200,0,45.04999999999998,0,0.0,0.0,0.0,0.0,0.38,0.0,0.7000000000000001,0.6999999999999998,0.7000000000000001,4.939771858883955e-32,2,7
153,200,0,19.725,0,0.0,0.0,0.0,0.0,0.64,0.0,0.7000000000000001,0.7000000000000002,0.7000000000000001,1.2371101650100574e-32,3,1
154,200,0,26.7,0,0.0,0.0,0.0,0.0,0.5797872340425532,0.0,0.7000000000000001,0.7000000000000002,0.7000000000000001,1.2369972899950018e-32,3,1
155,200,0,23.75,0,0.0,0.0,0.0,0.0,0.6785714285714286,0.0,0.7000000000000001,0.7,0.7000000000000001,1.237409989268799e-32,3,1
156,200,0,42.04999999999998,0,0.0,0.0,0.0,0.0,0.45967741935483875,0.0,0.7000000000000001,0.7,0.7000000000000001,1.2352121392791852e-32,2,6
157,200,0,15.399999999999963,0,0.0,0.0,0.0,0.0,0.7357142857142858,0.0,0.7000000000000001,0.6999999999999998,0.7000000000000001,4.951632298396976e-32,3,0
158,200,0,26.85,0,0.0,0.0,0.0,0.0,0.5833333333333334,0.0,0.7000000000000001,0.7000000000000002,0.7000000000000001,1.2369200597215426e-32,3,2
159,200,0,24.949999999999974,0,0.0,0.0,0.0,0.0,0.5357142857142857,0.0,0.7000000000000001,0.7000000000000002,0.7000000000000001,1.2362311383441371e-32,3,1
160,200,0,42.42499999999998,0,0.0,0.0,0.0,0.0,0.5795454545454546,0.0,0.7000000000000001,0.7000000000000001,0.7000000000000001,0.0,3,5
161,200,0,42.07499999999997,0,0.0,0.0,0.0,0.0,0.47580645161290325,0.0,0.7000000000000001,0.7,0.7000000000000001,1.2352805569228806e-32,2,6
162,74,0,5.750000000000004,0,0.0,0.0,0.0,0.0,0,0.0,0.7000000000000001,0.7000000000000001,0.7000000000000001,0.0,4,3
163,200,0,38.249999999999986,0,0.0,0.0,0.0,0.0,0.39880952380952384,0.0,0.7000000000000001,0.7,0.7000000000000001,1.2351209741709617e-32,3,9
164,200,0,16.52499999999997,0,0.0,0.0,0.0,0.0,0.6710526315789473,0.0,0.7000000000000001,0.7,0.7000000000000001,1.237545345790995e-32,3,0
165,200,0,26.475,0,0.0,0.0,0.0,0.0,0.5096153846153846,0.0,0.7000000000000001,0.7000000000000001,0.7000000000000001,0.0,3,4
166,200,0,16.374999999999968,0,0.0,0.0,0.0,0.0,0.6346153846153846,0.0,0.7000000000000001,0.7,0.7000000000000001,1.237409989268799e-32,3,1
167,200,0,24.925,0,0.0,0.0,0.0,0.0,0.65,0.0,0.7000000000000001,0.7000000000000002,0.7000000000000001,1.2371101650100574e-32,3,3
168,200,0,26.1,0,0.0,0.0,0.0,0.0,0.7034883720930233,0.0,0.7000000000000001,0.7,0.7000000000000001,1.2375255450654623e-32,3,1
169,200,0,25.75,0,0.0,0.0,0.0,0.0,0.6802325581395349,0.0,0.7000000000000001,0.7,0.7000000000000001,1.237409989268799e-32,3,2
170,200,0,16.79999999999997,0,0.0,0.0,0.0,0.0,0.675,0.0,0.7000000000000001,0.7000000000000001,0.7000000000000001,0.0,3,3
171,200,0,25.150000000000002,0,0.0,0.0,0.0,0.0,0.6590909090909091,0.0,0.7000000000000001,0.7000000000000001,0.7000000000000001,0.0,3,3
172,200,0,23.775,0,0.0,0.0,0.0,0.0,0.675,0.0,0.7000000000000001,0.7,0.7000000000000001,1.2376467839340925e-32,3,1
173,200,0,34.04999999999998,0,0.0,0.0,0.0,0.0,0.47857142857142854,0.0,0.7000000000000001,0.7,0.7000000000000001,1.2354683466092478e-32,3,2
174,200,0,24.700000000000003,0,0.0,0.0,0.0,0.0,0.6477272727272727,0.0,0.7000000000000001,0.7000000000000001,0.7000000000000001,0.0,3,2
175,200,0,40.199999999999974,0,0.0,0.0,0.0,0.0,0.47413793103448276,0.0,0.7000000000000001,0.6999999999999998,0.7000000000000001,4.941264500142651e-32,2,5
176,200,0,41.84999999999998,0,0.0,0.0,0.0,0.0,0.4945652173913043,0.0,0.7000000000000001,0.7,0.7000000000000001,1.2353526479971103e-32,2,6
177,200,0,25.075000000000003,0,1.0,1.0,0.0,0.0,0.65,0.0,0.7000000000000001,0.7000000000000001,0.7000000000000001,0.0,3,2
178,200,0,15.174999999999969,0,0.0,0.0,0.0,0.0,0.7083333333333334,0.0,0.7000000000000001,0.7000000000000001,0.7000000000000001,0.0,3,1
179,200,0,24.2,0,0.0,0.0,0.0,0.0,0.6569767441860465,0.0,0.7000000000000001,0.7000000000000001,0.7000000000000001,0.0,3,4
180,200,0,47.49999999999994,0,0.0,0.0,0.0,0.0,0.375,0.0,0.7000000000000001,0.7000000000000001,0.7000000000000001,0.0,2,12
181,146,0,8.224999999999985,0,0.0,0.0,0.0,0.0,0,0.0,0.7000000000000001,0.7000000000000002,0.7000000000000001,1.2395198563427063e-32,4,1
182,200,0,40.199999999999974,0,0.0,0.0,0.0,0.0,0.47527472527472525,0.0,0.7000000000000001,0.7,0.7000000000000001,1.2352805569228806e-32,2,1
183,200,0,24.7,0,0.0,0.0,0.0,0.0,0.6363636363636364,0.0,0.7000000000000001,0.7000000000000001,0.7000000000000001,0.0,3,2
184,200,0,23.724999999999973,0,0.0,0.0,0.0,0.0,0.5518867924528302,0.0,0.7000000000000001,0.7000000000000002,0.7000000000000001,1.236220444303148e-32,3,3
185,200,0,39.499999999999986,0,0.0,0.0,0.0,0.0,0.4883720930232558,0.0,0.7000000000000001,0.7,0.7000000000000001,1.2353526479971103e-32,2,3
186,200,0,40.74999999999998,0,0.0,0.0,0.0,0.0,0.4782608695652174,0.0,0.7000000000000001,0.7000000000000001,0.7000000000000001,0.0,2,5
187,200,0,25.85,0,0.0,0.0,0.0,0.0,0.6277777777777778,0.0,0.7000000000000001,0.7000000000000002,0.7000000000000001,1.2371101650100574e-32,3,2
188,200,0,25.449999999999996,0,0.0,0.0,0.0,0.0,0.5478723404255319,0.0,0.7000000000000001,0.7000000000000001,0.7000000000000001,0.0,3,2
189,200,0,27.925,0,0.0,0.0,0.0,0.0,0.4409090909090909,0.0,0.7000000000000001,0.7000000000000002,0.7000000000000001,1.2362966513880347e-32,3,4
190,200,0,14.449999999999967,0,0.0,0.0,0.0,0.0,0.75,0.0,0.7000000000000001,0.6999999999999998,0.7000000000000001,4.952196501249161e-32,3,0
191,200,0,16.599999999999966,0,0.0,0.0,0.0,0.0,0.6363636363636364,0.0,0.7000000000000001,0.7000000000000001,0.7000000000000001,0.0,3,3
192,200,0,40.999999999999986,0,0.0,0.0,0.0,0.0,0.38586956521739135,0.0,0.7000000000000001,0.7,0.7000000000000001,1.2350263185782606e-32,2,5
193,200,0,42.22499999999998,0,0.0,0.0,0.0,0.0,0.4042553191489362,0.0,0.7000000000000001,0.6999999999999998,0.7000000000000001,4.940341022596236e-32,2,8
194,200,0,28.050000000000004,0,0.0,0.0,0.0,0.0,0.58,0.0,0.7000000000000001,0.7000000000000001,0.7000000000000001,0.0,3,3
195,200,0,25.05,0,0.0,0.0,0.0,0.0,0.6704545454545454,0.0,0.7000000000000001,0.7000000000000001,0.7000000000000001,0.0,3,2
196,200,0,20.324999999999974,0,0.0,0.0,0.0,0.0,0.5159574468085106,0.0,0.7000000000000001,0.7000000000000001,0.7000000000000001,0.0,3,4
197,195,0,16.649999999999974,0,0.0,0.0,0.0,0.0,0,0.0,0.7000000000000001,0.7000000000000002,0.7000000000000001,1.2361679040148102e-32,4,7
198,200,0,42.949999999999974,0,0.0,0.0,0.0,0.0,0.36413043478260865,0.0,0.7000000000000001,0.7,0.7000000000000001,1.2349474452559376e-32,2,11
199,200,0,26.150000000000002,0,0.0,0.0,0.0,0.0,0.5416666666666666,0.0,0.7000000000000001,0.7000000000000001,0.7000000000000001,0.0,3,3
200,200,0,57.57499999999999,0,0.0,0.0,0.0,0.0,0.29961832061068705,0.0,0.7000000000000001,0.7000000000000001,0.7000000000000001,0.0,1,3
201,200,0,43.99999999999997,0,0.0,0.0,0.0,0.0,0.44387755102040816,0.0,0.7000000000000001,0.7,0.7000000000000001,1.2351158089158225e-32,2,5
202,200,0,24.725,0,0.0,0.0,0.0,0.0,0.6802325581395349,0.0,0.7000000000000001,0.7,0.7000000000000001,1.237409989268799e-32,3,2
203,200,0,25.575,0,0.0,0.0,0.0,0.0,0.6388888888888888,0.0,0.7000000000000001,0.7000000000000001,0.7000000000000001,0.0,3,1
204,200,0,28.475000000000005,0,0.0,0.0,0.0,0.0,0.4196428571428571,0.0,0.7000000000000001,0.7000000000000002,0.7000000000000001,1.236220444303148e-32,3,7
205,200,0,26.375,0,0.0,0.0,0.0,0.0,0.5561224489795918,0.0,0.7000000000000001,0.7000000000000001,0.7000000000000001,0.0,3,1
206,200,0,24.55,0,1.0,1.0,0.0,0.0,0.6569767441860465,0.0,0.7000000000000001,0.7,0.7000000000000001,1.2373359150401687e-32,3,4
207,200,0,23.375,0,0.0,0.0,0.0,0.0,0.75,0.0,0.7000000000000001,0.6999999999999998,0.7000000000000001,4.952196501249161e-32,3,1
208,200,0,29.675000000000004,0,0.0,0.0,0.0,0.0,0.4956140350877193,0.0,0.7000000000000001,0.7000000000000002,0.7000000000000001,1.2361679040148102e-32,3,3
209,200,0,36.09999999999998,0,0.0,0.0,0.0,0.0,0.4512195121951219,0.0,0.7000000000000001,0.7,0.7000000000000001,1.2352805569228806e-32,2,2
210,200,0,24.65,0,0.0,0.0,0.0,0.0,0.6704545454545454,0.0,0.7000000000000001,0.7000000000000001,0.7000000000000001,0.0,3,1
211,200,0,26.575,0,0.0,0.0,0.0,0.0,0.6388888888888888,0.0,0.7000000000000001,0.7000000000000001,0.7000000000000001,0.0,3,2
212,200,0,20.17499999999997,0,0.0,0.0,0.0,0.0,0.6826923076923077,0.0,0.7000000000000001,0.7000000000000001,0.7000000000000001,0.0,3,1
213,200,0,45.125,0,0.0,0.0,0.0,0.0,0.45967741935483875,0.0,0.7000000000000001,0.7,0.7000000000000001,1.2352121392791852e-32,2,9
214,200,0,17.54999999999997,0,0.0,0.0,0.0,0.0,0.6375,0.0,0.7000000000000001,0.7000000000000001,0.7000000000000001,0.0,3,3
215,200,0,26.375000000000004,0,0.0,0.0,0.0,0.0,0.5561224489795918,0.0,0.7000000000000001,0.7000000000000001,0.7000000000000001,0.0,3,3
216,200,0,27.075,0,0.0,0.0,0.0,0.0,0.6195652173913043,0.0,0.7000000000000001,0.7,0.7000000000000001,1.237228980815379e-32,3,1
217,200,0,14.424999999999965,0,0.0,0.0,0.0,0.0,0.6842105263157895,0.0,0.7000000000000001,0.7,0.7000000000000001,1.237545345790995e-32,3,1
218,200,0,23.575,0,0.0,0.0,0.0,0.0,0.7012195121951219,0.0,0.7000000000000001,0.7,0.7000000000000001,1.2375255450654623e-32,3,3
219,200,0,25.75,0,0.0,0.0,0.0,0.0,0.6802325581395349,0.0,0.7000000000000001,0.7,0.7000000000000001,1.237409989268799e-32,3,1
220,200,0,30.025000000000006,0,0.0,0.0,0.0,0.0,0.41666666666666663,0.0,0.7000000000000001,0.7000000000000001,0.7000000000000001,0.0,3,6
221,200,0,27.325000000000003,0,0.0,0.0,0.0,0.0,0.5096153846153846,0.0,0.7000000000000001,0.7000000000000002,0.7000000000000001,1.2365081649297606e-32,3,6
222,200,0,25.425,0,0.0,0.0,0.0,0.0,0.5478723404255319,0.0,0.7000000000000001,0.7000000000000002,0.7000000000000001,1.2369352882261685e-32,3,4
223,200,0,25.725,0,0.0,0.0,0.0,0.0,0.6569767441860465,0.0,0.7000000000000001,0.7000000000000001,0.7000000000000001,0.0,3,1
224,200,0,31.100000000000005,0,0.0,0.0,0.0,0.0,0.5,0.0,0.7000000000000001,0.7000000000000002,0.7000000000000001,1.2359265026900142e-32,3,3
225,200,0,15.299999999999969,0,0.0,0.0,0.0,0.0,0.7357142857142858,0.0,0.7000000000000001,0.6999999999999998,0.7000000000000001,4.951632298396976e-32,3,2
226,200,0,14.874999999999964,0,0.0,0.0,0.0,0.0,0.6875,0.0,0.7000000000000001,0.7,0.7000000000000001,1.237409989268799e-32,3,1
227,200,0,24.475,0,0.0,0.0,0.0,0.0,0.6388888888888888,0.0,0.7000000000000001,0.7000000000000002,0.7000000000000001,1.2371101650100574e-32,3,4
228,200,0,23.075,0,0.0,0.0,0.0,0.0,0.6337209302325582,0.0,0.7000000000000001,0.7000000000000001,0.7000000000000001,0.0,3,3
229,200,0,22.175,0,0.0,0.0,0.0,0.0,0.7236842105263158,0.0,0.7000000000000001,0.7000000000000001,0.7000000000000001,0.0,3,1
230,200,0,25.2,0,0.0,0.0,0.0,0.0,0.6686046511627907,0.0,0.7000000000000001,0.6999999999999998,0.7000000000000001,4.949715483739682e-32,3,2
231,200,0,25.275,0,0.0,0.0,0.0,0.0,0.6086956521739131,0.0,0.7000000000000001,0.7000000000000002,0.7000000000000001,1.2369972899950018e-32,3,2
232,200,0,19.62499999999997,0,0.0,0.0,0.0,0.0,0.6722222222222223,0.0,0.7000000000000001,0.6999999999999998,0.7000000000000001,4.949715483739682e-32,3,0
233,200,0,25.049999999999997,0,0.0,0.0,0.0,0.0,0.6666666666666666,0.0,0.7000000000000001,0.7,0.7000000000000001,1.2375255450654623e-32,3,2
234,200,0,40.64999999999997,0,0.0,0.0,0.0,0.0,0.5027472527472527,0.0,0.7000000000000001,0.7,0.7000000000000001,1.2353526479971103e-32,2,3
235,200,0,25.825000000000003,0,0.0,0.0,0.0,0.0,0.6590909090909091,0.0,0.7000000000000001,0.7000000000000001,0.7000000000000001,0.0,3,2
236,200,0,25.450000000000003,0,0.0,0.0,0.0,0.0,0.6611111111111111,0.0,0.7000000000000001,0.7000000000000001,0.7000000000000001,0.0,3,1
237,188,0,12.974999999999971,0,0.0,0.0,0.0,0.0,0,0.0,0.7000000000000001,0.6999999999999998,0.7000000000000001,4.952196501249161e-32,4,1
238,200,0,32.925000000000004,0,0.0,0.0,0.0,0.0,0.484375,0.0,0.7000000000000001,0.7000000000000001,0.7000000000000001,0.0,3,9
239,189,0,10.44999999999997,0,0.0,0.0,0.0,0.0,0,0.0,0.7000000000000001,0.7000000000000001,0.7000000000000001,0.0,4,2
240,200,0,43.024999999999984,0,0.0,0.0,0.0,0.0,0.4387755102040817,0.0,0.7000000000000001,0.6999999999999998,0.7000000000000001,4.940609663145082e-32,2,6
241,200,0,27.050000000000004,0,0.0,0.0,0.0,0.0,0.5520833333333334,0.0,0.7000000000000001,0.7000000000000001,0.7000000000000001,0.0,3,0
242,200,0,28.400000000000002,0,0.0,0.0,0.0,0.0,0.57,0.0,0.7000000000000001,0.7000000000000002,0.7000000000000001,1.23673138979175e-32,3,5
243,200,0,18.374999999999968,0,0.0,0.0,0.0,0.0,0.6280487804878049,0.0,0.7000000000000001,0.7000000000000001,0.7000000000000001,0.0,3,4
244,200,0,25.599999999999998,0,0.0,0.0,0.0,0.0,0.5141509433962265,0.0,0.7000000000000001,0.7000000000000001,0.7000000000000001,0.0,3,2
245,200,0,35.675000000000004,0,0.0,0.0,0.0,0.0,0.4357142857142857,0.0,0.7000000000000001,0.7000000000000001,0.7000000000000001,0.0,3,2
246,200,0,21.35,0,0.0,0.0,0.0,0.0,0.6987179487179487,0.0,0.7000000000000001,0.7,0.7000000000000001,1.2375255450654623e-32,3,2
247,200,0,25.7,0,0.0,0.0,0.0,0.0,0.6277777777777778,0.0,0.7000000000000001,0.7000000000000001,0.7000000000000001,0.0,3,2
248,200,0,27.925,0,0.0,0.0,0.0,0.0,0.5141509433962265,0.0,0.7000000000000001,0.7000000000000001,0.7000000000000001,0.0,3,8
249,200,0,39.27499999999998,0,0.0,0.0,0.0,0.0,0.45833333333333337,0.0,0.7000000000000001,0.6999999999999998,0.7000000000000001,4.94100647801415e-32,2,11
250,200,0,30.575000000000003,0,0.0,0.0,0.0,0.0,0.4916666666666667,0.0,0.7000000000000001,0.7000000000000001,0.7000000000000001,0.0,3,6
251,200,0,27.05,0,0.0,0.0,0.0,0.0,0.6611111111111111,0.0,0.7000000000000001,0.7000000000000001,0.7000000000000001,0.0,3,1
252,200,0,27.15,0,0.0,0.0,0.0,0.0,0.57,0.0,0.7000000000000001,0.7000000000000001,0.7000000000000001,0.0,3,7
253,200,0,27.125,0,0.0,0.0,0.0,0.0,0.5357142857142857,0.0,0.7000000000000001,0.7000000000000001,0.7000000000000001,0.0,3,4
254,200,0,45.59999999999998,0,0.0,0.0,0.0,0.0,0.4068627450980392,0.0,0.7000000000000001,0.7,0.7000000000000001,1.2349746917522477e-32,2,16
255,200,0,28.199999999999967,0,0.0,0.0,0.0,0.0,0.41666666666666663,0.0,0.7000000000000001,0.7,0.7000000000000001,1.2352864202253152e-32,2,3
256,200,0,32.12500000000001,0,0.0,0.0,0.0,0.0,0.4516129032258065,0.0,0.7000000000000001,0.7000000000000002,0.7000000000000001,1.2359265026900142e-32,3,2
257,200,0,33.45,0,0.0,0.0,0.0,0.0,0.42692307692307696,0.0,0.7000000000000001,0.7000000000000001,0.7000000000000001,0.0,3,4
258,200,0,38.87499999999997,0,0.0,0.0,0.0,0.0,0.5523255813953488,0.0,0.7000000000000001,0.7000000000000001,0.7000000000000001,0.0,2,1
259,200,0,31.725,0,0.0,0.0,0.0,0.0,0.5,0.0,0.7000000000000001,0.7000000000000001,0.7000000000000001,0.0,3,2
260,200,0,14.224999999999962,0,0.0,0.0,0.0,0.0,0.7371794871794872,0.0,0.7000000000000001,0.6999999999999998,0.7000000000000001,4.951632298396976e-32,3,0
261,200,0,33.64999999999999,0,0.0,0.0,0.0,0.0,0.46014492753623193,0.0,0.7000000000000001,0.7,0.7000000000000001,1.2355941794063903e-32,3,3
262,200,0,41.62499999999998,0,0.0,0.0,0.0,0.0,0.4833333333333333,0.0,0.7000000000000001,0.7,0.7000000000000001,1.2352864202253152e-32,2,5
263,200,0,44.04999999999998,0,0.0,0.0,0.0,0.0,0.42525773195876293,0.0,0.7000000000000001,0.7,0.7000000000000001,1.2350603547366466e-32,2,15
264,200,0,35.925,0,0.0,0.0,0.0,0.0,0.4305555555555556,0.0,0.7000000000000001,0.7,0.7000000000000001,1.2354287165099178e-32,3,6
265,200,0,37.82499999999998,0,0.0,0.0,0.0,0.0,0.41025641025641024,0.0,0.7000000000000001,0.6999999999999998,0.7000000000000001,4.94100647801415e-32,3,5
266,200,0,32.475,0,0.0,0.0,0.0,0.0,0.4007936507936508,0.0,0.7000000000000001,0.7000000000000001,0.7000000000000001,0.0,3,3
267,200,0,27.000000000000004,0,0.0,0.0,0.0,0.0,0.52,0.0,0.7000000000000001,0.7000000000000001,0.7000000000000001,0.0,3,4
268,200,0,37.54999999999997,0,0.0,0.0,0.0,0.0,0.49404761904761907,0.0,0.7000000000000001,0.7,0.7000000000000001,1.2353901647806377e-32,2,3
269,200,0,24.725,0,0.0,0.0,0.0,0.0,0.6453488372093024,0.0,0.7000000000000001,0.7000000000000001,0.7000000000000001,0.0,3,2
270,200,0,22.875,0,0.0,0.0,0.0,0.0,0.7,0.0,0.7000000000000001,0.7,0.7000000000000001,1.2376467839340925e-32,3,1
271,200,0,23.7,0,0.0,0.0,0.0,0.0,0.7012195121951219,0.0,0.7000000000000001,0.7,0.7000000000000001,1.2375255450654623e-32,3,2
272,200,0,20.274999999999967,0,0.0,0.0,0.0,0.0,0.71,0.0,0.7000000000000001,0.7,0.7000000000000001,1.2376467839340925e-32,3,1
273,200,0,24.825,0,0.0,0.0,0.0,0.0,0.625,0.0,0.7000000000000001,0.7000000000000001,0.7000000000000001,0.0,3,3
274,200,0,18.749999999999964,0,0.0,0.0,0.0,0.0,0.71875,0.0,0.7000000000000001,0.7,0.7000000000000001,1.2376467839340925e-32,3,1
275,200,0,14.949999999999967,0,0.0,0.0,0.0,0.0,0.7357142857142858,0.0,0.7000000000000001,0.6999999999999998,0.7000000000000001,4.951632298396976e-32,3,1
276,200,0,24.875,0,0.0,0.0,0.0,0.0,0.6904761904761905,0.0,0.7000000000000001,0.7,0.7000000000000001,1.237409989268799e-32,3,2
277,200,0,28.87499999999996,0,0.0,0.0,0.0,0.0,0.44480519480519476,0.0,0.7000000000000001,0.6999999999999998,0.7000000000000001,4.941264500142651e-32,2,4
278,200,0,25.075,0,0.0,0.0,0.0,0.0,0.6686046511627907,0.0,0.7000000000000001,0.7000000000000001,0.7000000000000001,0.0,3,1
279,200,0,26.87499999999997,0,0.0,0.0,0.0,0.0,0.4818840579710145,0.0,0.7000000000000001,0.7000000000000001,0.7000000000000001,0.0,3,4
280,200,0,25.8,0,0.0,0.0,0.0,0.0,0.6453488372093024,0.0,0.7000000000000001,0.7000000000000001,0.7000000000000001,0.0,3,4
281,200,0,25.0,0,0.0,0.0,0.0,0.0,0.6388888888888888,0.0,0.7000000000000001,0.7000000000000001,0.7000000000000001,0.0,3,3
282,200,0,27.349999999999966,0,0.0,0.0,0.0,0.0,0.5253623188405797,0.0,0.7000000000000001,0.7000000000000001,0.7000000000000001,0.0,3,2
283,200,0,18.875,0,1.0,1.0,0.0,0.0,0.7151162790697675,0.0,0.7000000000000001,0.7,0.7000000000000001,1.2376467839340925e-32,3,3
284,200,0,27.45,0,0.0,0.0,0.0,0.0,0.625,0.0,0.7000000000000001,0.7000000000000002,0.7000000000000001,1.2369972899950018e-32,3,2
285,200,0,32.7,0,0.0,0.0,0.0,0.0,0.38636363636363635,0.0,0.7000000000000001,0.7,0.7000000000000001,1.2356766523188505e-32,3,9
286,200,0,31.375,0,0.0,0.0,0.0,0.0,0.3548387096774194,0.0,0.7000000000000001,0.7000000000000001,0.7000000000000001,0.0,3,4
287,50,0,4.650000000000002,0,0.0,0.0,0.0,0.0,0,0.0,0.7000000000000001,0.7000000000000003,0.7000000000000001,4.982831515691232e-32,4,1
288,200,0,29.95,0,0.0,0.0,0.0,0.0,0.4642857142857143,0.0,0.7000000000000001,0.7000000000000001,0.7000000000000001,0.0,3,8
289,200,0,31.975,0,0.0,0.0,0.0,0.0,0.43181818181818177,0.0,0.7000000000000001,0.7,0.7000000000000001,1.2356014940771183e-32,3,8
290,200,0,40.59999999999998,0,0.0,0.0,0.0,0.0,0.5028735632183908,0.0,0.7000000000000001,0.7,0.7000000000000001,1.2353901647806377e-32,2,2
291,200,0,22.4,0,1.0,1.0,0.0,0.0,0.7105263157894737,0.0,0.7000000000000001,0.7000000000000001,0.7000000000000001,0.0,3,0
292,200,0,24.05,0,0.0,0.0,0.0,0.0,0.5722222222222222,0.0,0.7000000000000001,0.7000000000000002,0.7000000000000001,1.2369972899950018e-32,3,4
293,200,0,25.799999999999997,0,0.0,0.0,0.0,0.0,0.6166666666666667,0.0,0.7000000000000001,0.7000000000000002,0.7000000000000001,1.2371101650100574e-32,3,1
294,200,0,22.8,0,0.0,0.0,0.0,0.0,0.6730769230769231,0.0,0.7000000000000001,0.7,0.7000000000000001,1.2376467839340925e-32,3,1
295,200,0,24.65,0,0.0,0.0,0.0,0.0,0.6785714285714286,0.0,0.7000000000000001,0.6999999999999998,0.7000000000000001,4.949715483739682e-32,3,1
296,200,0,41.699999999999974,0,0.0,0.0,0.0,0.0,0.44680851063829785,0.0,0.7000000000000001,0.7,0.7000000000000001,1.235147121269959e-32,2,2
297,200,0,19.15,0,0.0,0.0,0.0,0.0,0.71875,0.0,0.7000000000000001,0.7,0.7000000000000001,1.2376467839340925e-32,3,1
298,200,0,24.5,0,0.0,0.0,0.0,0.0,0.6136363636363636,0.0,0.7000000000000001,0.7000000000000002,0.7000000000000001,1.2371101650100574e-32,3,2
299,200,0,38.999999999999986,0,0.0,0.0,0.0,0.0,0.4537037037037037,0.0,0.7000000000000001,0.6999999999999998,0.7000000000000001,4.94100647801415e-32,3,7
300,200,0,43.39999999999996,0,0.0,0.0,0.0,0.0,0.46649484536082475,0.0,0.7000000000000001,0.7,0.7000000000000001,1.235179221356275e-32,2,3
301,200,0,26.275,0,0.0,0.0,0.0,0.0,0.6086956521739131,0.0,0.7000000000000001,0.7000000000000002,0.7000000000000001,1.2371101650100574e-32,3,4
302,200,0,26.825,0,0.0,0.0,0.0,0.0,0.5441176470588235,0.0,0.7000000000000001,0.7000000000000001,0.7000000000000001,0.0,3,4
303,200,0,27.325,0,0.0,0.0,0.0,0.0,0.5049019607843137,0.0,0.7000000000000001,0.7000000000000002,0.7000000000000001,1.2365970967598045e-32,3,6
304,200,0,25.55,0,0.0,0.0,0.0,0.0,0.6,0.0,0.7000000000000001,0.7000000000000002,0.7000000000000001,1.2365712778414045e-32,3,8
305,200,0,18.449999999999967,0,0.0,0.0,0.0,0.0,0.66,0.0,0.7000000000000001,0.7000000000000002,0.7000000000000001,1.2369972899950018e-32,3,0
306,200,0,30.950000000000003,0,0.0,0.0,0.0,0.0,0.5040983606557377,0.0,0.7000000000000001,0.7000000000000002,0.7000000000000001,1.2359265026900142e-32,3,2
307,200,0,50.97499999999998,0,0.0,0.0,0.0,0.0,0.2723214285714286,0.0,0.7000000000000001,0.7000000000000001,0.7000000000000001,0.0,1,7
308,200,0,37.624999999999986,0,0.0,0.0,0.0,0.0,0.31547619047619047,0.0,0.7000000000000001,0.6999999999999998,0.7000000000000001,4.94001030735326e-32,3,13
309,200,0,16.399999999999967,0,0.0,0.0,0.0,0.0,0.6959459459459459,0.0,0.7000000000000001,0.7,0.7000000000000001,1.2376467839340925e-32,3,2
310,200,0,41.22499999999997,0,0.0,0.0,0.0,0.0,0.47282608695652173,0.0,0.7000000000000001,0.7,0.7000000000000001,1.2352805569228806e-32,2,3
311,200,0,19.299999999999972,0,0.0,0.0,0.0,0.0,0.5568181818181818,0.0,0.7000000000000001,0.7000000000000001,0.7000000000000001,0.0,3,3
312,200,0,16.449999999999964,0,0.0,0.0,0.0,0.0,0.7045454545454546,0.0,0.7000000000000001,0.7,0.7000000000000001,1.2376467839340925e-32,3,0
313,128,0,8.324999999999998,0,0.0,0.0,0.0,0.0,0,0.0,0.7000000000000001,0.7000000000000001,0.7000000000000001,0.0,4,1
314,200,0,24.325,0,0.0,0.0,0.0,0.0,0.5944444444444444,0.0,0.7000000000000001,0.7000000000000001,0.7000000000000001,0.0,3,4
315,200,0,26.625,0,0.0,0.0,0.0,0.0,0.6277777777777778,0.0,0.7000000000000001,0.7000000000000001,0.7000000000000001,0.0,3,2
316,200,0,23.0,0,0.0,0.0,0.0,0.0,0.6875,0.0,0.7000000000000001,0.7,0.7000000000000001,1.2375255450654623e-32,3,2
317,200,0,27.275,0,0.0,0.0,0.0,0.0,0.5931372549019608,0.0,0.7000000000000001,0.7000000000000001,0.7000000000000001,0.0,3,2
318,200,0,20.44999999999998,0,0.0,0.0,0.0,0.0,0.6521739130434783,0.0,0.7000000000000001,0.7,0.7000000000000001,1.237409989268799e-32,3,1
319,200,0,29.35,0,0.0,0.0,0.0,0.0,0.4903846153846154,0.0,0.7000000000000001,0.7000000000000001,0.7000000000000001,0.0,3,5
320,200,0,25.3,0,0.0,0.0,0.0,0.0,0.6388888888888888,0.0,0.7000000000000001,0.7000000000000002,0.7000000000000001,1.2371101650100574e-32,3,1
321,200,0,25.575,0,0.0,0.0,0.0,0.0,0.5625,0.0,0.7000000000000001,0.7000000000000001,0.7000000000000001,0.0,3,6
322,200,0,16.649999999999967,0,0.0,0.0,0.0,0.0,0.5357142857142857,0.0,0.7000000000000001,0.7000000000000002,0.7000000000000001,1.2369972899950018e-32,3,1
323,200,0,24.2,0,0.0,0.0,0.0,0.0,0.6337209302325582,0.0,0.7000000000000001,0.7000000000000001,0.7000000000000001,0.0,3,4
324,200,0,28.0,0,0.0,0.0,0.0,0.0,0.51,0.0,0.7000000000000001,0.7000000000000001,0.7000000000000001,0.0,3,0
325,200,0,17.524999999999967,0,0.0,0.0,0.0,0.0,0.5914634146341463,0.0,0.7000000000000001,0.7000000000000001,0.7000000000000001,0.0,3,1
326,200,0,37.07499999999999,0,0.0,0.0,0.0,0.0,0.4525316455696202,0.0,0.7000000000000001,0.7,0.7000000000000001,1.2352805569228806e-32,2,5
327,200,0,28.0,0,0.0,0.0,0.0,0.0,0.5867346938775511,0.0,0.7000000000000001,0.7000000000000001,0.7000000000000001,0.0,3,4
328,200,0,25.45,0,0.0,0.0,0.0,0.0,0.6686046511627907,0.0,0.7000000000000001,0.6999999999999998,0.7000000000000001,4.949715483739682e-32,3,0
329,200,0,17.02499999999999,0,0.0,0.0,0.0,0.0,0.7272727272727273,0.0,0.7000000000000001,0.7000000000000001,0.7000000000000001,0.0,3,1
330,200,0,23.45,0,0.0,0.0,0.0,0.0,0.7,0.0,0.7000000000000001,0.7,0.7000000000000001,1.2376467839340925e-32,3,3
331,200,0,25.05,0,0.0,0.0,0.0,0.0,0.625,0.0,0.7000000000000001,0.7000000000000002,0.7000000000000001,1.2371101650100574e-32,3,2
332,200,0,25.425,0,0.0,0.0,0.0,0.0,0.5543478260869565,0.0,0.7000000000000001,0.7000000000000002,0.7000000000000001,1.2369200597215426e-32,3,2
333,200,0,32.175,0,0.0,0.0,0.0,0.0,0.4838709677419355,0.0,0.7000000000000001,0.7000000000000001,0.7000000000000001,0.0,3,7
334,128,0,20.150000000000002,0,0.0,0.0,0.0,0.0,0,0.0,0.7000000000000001,0.7000000000000002,0.7000000000000001,1.2364470242966055e-32,4,7
335,200,0,28.025000000000002,0,0.0,0.0,0.0,0.0,0.4464285714285714,0.0,0.7000000000000001,0.7000000000000002,0.7000000000000001,1.2362311383441371e-32,3,5
336,200,0,24.55,0,0.0,0.0,0.0,0.0,0.7012195121951219,0.0,0.7000000000000001,0.7,0.7000000000000001,1.2376467839340925e-32,3,1
337,200,0,26.474999999999998,0,0.0,0.0,0.0,0.0,0.5797872340425532,0.0,0.7000000000000001,0.7000000000000002,0.7000000000000001,1.2369972899950018e-32,3,2
338,200,0,24.575,0,0.0,0.0,0.0,0.0,0.6686046511627907,0.0,0.7000000000000001,0.7000000000000001,0.7000000000000001,0.0,3,1
339,200,0,43.49999999999998,0,0.0,0.0,0.0,0.0,0.40263157894736845,0.0,0.7000000000000001,0.7,0.7000000000000001,1.2350554341970682e-32,2,12
340,200,0,26.2,0,0.0,0.0,0.0,0.0,0.5729166666666666,0.0,0.7000000000000001,0.7000000000000001,0.7000000000000001,0.0,3,3
341,200,0,40.94999999999997,0,0.0,0.0,0.0,0.0,0.4917582417582418,0.0,0.7000000000000001,0.6999999999999998,0.7000000000000001,4.941264500142651e-32,2,8
342,200,0,43.474999999999994,0,0.0,0.0,0.0,0.0,0.5611111111111111,0.0,0.7000000000000001,0.7000000000000001,0.7000000000000001,0.0,2,4
343,200,0,25.65,0,0.0,0.0,0.0,0.0,0.5153061224489796,0.0,0.7000000000000001,0.7000000000000001,0.7000000000000001,0.0,3,3
344,200,0,21.57499999999998,0,0.0,0.0,0.0,0.0,0.6542553191489362,0.0,0.7000000000000001,0.7,0.7000000000000001,1.2373359150401687e-32,3,2
345,200,0,27.5,0,0.0,0.0,0.0,0.0,0.5833333333333334,0.0,0.7000000000000001,0.7000000000000001,0.7000000000000001,0.0,3,2
346,200,0,17.79999999999997,0,0.0,0.0,0.0,0.0,0.6375,0.0,0.7000000000000001,0.7000000000000001,0.7000000000000001,0.0,3,0
347,200,0,40.47499999999998,0,0.0,0.0,0.0,0.0,0.48888888888888893,0.0,0.7000000000000001,0.6999999999999998,0.7000000000000001,4.941264500142651e-32,2,3
348,200,0,25.85,0,0.0,0.0,0.0,0.0,0.5904255319148937,0.0,0.7000000000000001,0.7000000000000001,0.7000000000000001,0.0,3,1
349,200,0,26.025,0,0.0,0.0,0.0,0.0,0.58,0.0,0.7000000000000001,0.7000000000000001,0.7000000000000001,0.0,3,2
350,200,0,23.75,0,0.0,0.0,0.0,0.0,0.6785714285714286,0.0,0.7000000000000001,0.7,0.7000000000000001,1.237409989268799e-32,3,1
351,200,0,23.675,0,0.0,0.0,0.0,0.0,0.7,0.0,0.7000000000000001,0.7,0.7000000000000001,1.2376467839340925e-32,3,1
352,200,0,14.274999999999965,0,0.0,0.0,0.0,0.0,0.7083333333333334,0.0,0.7000000000000001,0.7000000000000001,0.7000000000000001,0.0,3,0
353,200,0,36.874999999999986,0,0.0,0.0,0.0,0.0,0.42105263157894735,0.0,0.7000000000000001,0.7,0.7000000000000001,1.2352805569228806e-32,3,9
354,200,0,44.94999999999998,0,0.0,0.0,0.0,0.0,0.385,0.0,0.7000000000000001,0.7,0.7000000000000001,1.2349474452559376e-32,2,10
355,200,0,25.875000000000004,0,0.0,0.0,0.0,0.0,0.6071428571428571,0.0,0.7000000000000001,0.7000000000000001,0.7000000000000001,0.0,3,2
356,200,0,30.64999999999994,0,0.0,0.0,0.0,0.0,0.5131578947368421,0.0,0.7000000000000001,0.6999999999999998,0.7000000000000001,4.942036403866858e-32,2,5
357,200,0,41.19999999999996,0,0.0,0.0,0.0,0.0,0.4565217391304348,0.0,0.7000000000000001,0.7,0.7000000000000001,1.2352177073108264e-32,2,8
358,200,0,38.0,0,0.0,0.0,0.0,0.0,0.5514705882352942,0.0,0.7000000000000001,0.7,0.7000000000000001,1.235935530707039e-32,3,5
359,200,0,25.575,0,0.0,0.0,0.0,0.0,0.725609756097561,0.0,0.7000000000000001,0.7000000000000001,0.7000000000000001,0.0,3,2
360,200,0,44.37499999999997,0,0.0,0.0,0.0,0.0,0.3701923076923077,0.0,0.7000000000000001,0.7,0.7000000000000001,1.2349208156614308e-32,2,15
361,200,0,25.799999999999976,0,0.0,0.0,0.0,0.0,0.4409090909090909,0.0,0.7000000000000001,0.7000000000000002,0.7000000000000001,1.2361782898857607e-32,3,10
362,200,0,16.77499999999997,0,0.0,0.0,0.0,0.0,0.7361111111111112,0.0,0.7000000000000001,0.6999999999999998,0.7000000000000001,4.951632298396976e-32,3,1
363,200,0,37.87499999999998,0,0.0,0.0,0.0,0.0,0.5059523809523809,0.0,0.7000000000000001,0.7,0.7000000000000001,1.2354287165099178e-32,2,4
364,200,0,29.375,0,0.0,0.0,0.0,0.0,0.48584905660377353,0.0,0.7000000000000001,0.7000000000000002,0.7000000000000001,1.2365081649297606e-32,3,4
365,200,0,25.625,0,0.0,0.0,0.0,0.0,0.6453488372093024,0.0,0.7000000000000001,0.7,0.7000000000000001,1.237409989268799e-32,3,2
366,200,0,29.650000000000002,0,0.0,0.0,0.0,0.0,0.48275862068965514,0.0,0.7000000000000001,0.7000000000000001,0.7000000000000001,0.0,3,2
367,200,0,39.89999999999997,0,0.0,0.0,0.0,0.0,0.5086206896551724,0.0,0.7000000000000001,0.7,0.7000000000000001,1.2353901647806377e-32,2,7
368,200,0,28.125,0,0.0,0.0,0.0,0.0,0.6173469387755102,0.0,0.7000000000000001,0.7000000000000002,0.7000000000000001,1.2370289599632548e-32,3,2
369,200,0,17.974999999999973,0,0.0,0.0,0.0,0.0,0.6337209302325582,0.0,0.7000000000000001,0.7000000000000002,0.7000000000000001,1.2369972899950018e-32,3,6
370,200,0,26.099999999999998,0,0.0,0.0,0.0,0.0,0.6166666666666667,0.0,0.7000000000000001,0.7000000000000001,0.7000000000000001,0.0,3,3
371,200,0,25.125,0,0.0,0.0,0.0,0.0,0.5722222222222222,0.0,0.7000000000000001,0.7000000000000002,0.7000000000000001,1.2369972899950018e-32,3,1
372,200,0,27.95,0,0.0,0.0,0.0,0.0,0.5424528301886793,0.0,0.7000000000000001,0.7000000000000001,0.7000000000000001,0.0,3,4
373,200,0,43.17499999999998,0,0.0,0.0,0.0,0.0,0.5631868131868132,0.0,0.7000000000000001,0.6999999999999998,0.7000000000000001,4.942036403866858e-32,3,4
374,200,0,25.550000000000004,0,0.0,0.0,0.0,0.0,0.625,0.0,0.7000000000000001,0.7000000000000001,0.7000000000000001,0.0,3,3
375,200,0,25.7,0,0.0,0.0,0.0,0.0,0.5478723404255319,0.0,0.7000000000000001,0.7000000000000002,0.7000000000000001,1.2369200597215426e-32,3,5
376,200,0,31.85000000000001,0,0.0,0.0,0.0,0.0,0.4117647058823529,0.0,0.7000000000000001,0.7,0.7000000000000001,1.2355941794063903e-32,3,8
377,200,0,16.399999999999963,0,0.0,0.0,0.0,0.0,0.6578947368421053,0.0,0.7000000000000001,0.7,0.7000000000000001,1.2375255450654623e-32,3,2
378,200,0,16.649999999999963,0,0.0,0.0,0.0,0.0,0.7094594594594594,0.0,0.7000000000000001,0.7,0.7000000000000001,1.2376467839340925e-32,3,0
379,200,0,46.949999999999974,0,0.0,0.0,0.0,0.0,0.33653846153846156,0.0,0.7000000000000001,0.7000000000000002,0.7000000000000001,1.234772894380283e-32,2,15
380,200,0,28.450000000000003,0,0.0,0.0,0.0,0.0,0.5235849056603774,0.0,0.7000000000000001,0.7000000000000002,0.7000000000000001,1.2364470242966055e-32,3,5
381,200,0,23.900000000000002,0,0.0,0.0,0.0,0.0,0.65,0.0,0.7000000000000001,0.7000000000000002,0.7000000000000001,1.2369972899950018e-32,3,2
382,200,0,25.2,0,0.0,0.0,0.0,0.0,0.6686046511627907,0.0,0.7000000000000001,0.7,0.7000000000000001,1.237409989268799e-32,3,2
383,200,0,40.14999999999998,0,0.0,0.0,0.0,0.0,0.48863636363636365,0.0,0.7000000000000001,0.7,0.7000000000000001,1.2353901647806377e-32,2,5
384,200,0,31.349999999999994,0,0.0,0.0,0.0,0.0,0.5075757575757576,0.0,0.7000000000000001,0.7,0.7000000000000001,1.2356843753461964e-32,3,2
385,200,0,36.07499999999999,0,0.0,0.0,0.0,0.0,0.44333333333333336,0.0,0.7000000000000001,0.7000000000000001,0.7000000000000001,0.0,3,2
386,200,0,54.824999999999974,0,0.0,0.0,0.0,0.0,0.3104838709677419,0.0,0.7000000000000001,0.7000000000000001,0.7000000000000001,0.0,2,16
387,200,0,38.84999999999996,0,0.0,0.0,0.0,0.0,0.4555555555555556,0.0,0.7000000000000001,0.7,0.7000000000000001,1.2352805569228806e-32,2,3
388,194,0,16.149999999999967,0,0.0,0.0,0.0,0.0,0,0.0,0.7000000000000001,0.7000000000000001,0.7000000000000001,0.0,4,5
389,200,0,27.799999999999997,0,0.0,0.0,0.0,0.0,0.5384615384615384,0.0,0.7000000000000001,0.7000000000000002,0.7000000000000001,1.2365081649297606e-32,3,5
390,200,0,19.699999999999964,0,0.0,0.0,0.0,0.0,0.7107843137254902,0.0,0.7000000000000001,0.7,0.7000000000000001,1.2376467839340925e-32,3,1
391,200,0,24.55,0,0.0,0.0,0.0,0.0,0.6785714285714286,0.0,0.7000000000000001,0.7,0.7000000000000001,1.237409989268799e-32,3,0
392,200,0,23.875,0,0.0,0.0,0.0,0.0,0.5988372093023255,0.0,0.7000000000000001,0.7000000000000001,0.7000000000000001,0.0,3,4
393,200,0,26.099999999999998,0,0.0,0.0,0.0,0.0,0.4948979591836735,0.0,0.7000000000000001,0.7000000000000001,0.7000000000000001,0.0,3,4
394,200,0,26.725,0,0.0,0.0,0.0,0.0,0.5625,0.0,0.7000000000000001,0.7000000000000002,0.7000000000000001,1.23673138979175e-32,3,1
395,200,0,43.49999999999998,0,0.0,0.0,0.0,0.0,0.39141414141414144,0.0,0.7000000000000001,0.7,0.7000000000000001,1.2349701069211409e-32,2,8
396,200,0,27.85,0,0.0,0.0,0.0,0.0,0.5343137254901961,0.0,0.7000000000000001,0.7000000000000001,0.7000000000000001,0.0,3,8
397,200,0,25.450000000000003,0,0.0,0.0,0.0,0.0,0.6055555555555555,0.0,0.7000000000000001,0.7000000000000001,0.7000000000000001,0.0,3,1
398,200,0,17.04999999999996,0,0.0,0.0,0.0,0.0,0.563953488372093,0.0,0.7000000000000001,0.7000000000000001,0.7000000000000001,0.0,3,3
399,200,0,27.975,0,0.0,0.0,0.0,0.0,0.48584905660377353,0.0,0.7000000000000001,0.7000000000000001,0.7000000000000001,0.0,3,3
400,200,0,42.84999999999998,0,0.0,0.0,0.0,0.0,0.46578947368421053,0.0,0.7000000000000001,0.7,0.7000000000000001,1.2352121392791852e-32,2,2
401,45,0,4.749999999999999,0,0.0,0.0,0.0,0.0,0,0.0,0.7000000000000001,0.7,0.7000000000000001,1.2435030862167498e-32,4,2
402,200,0,26.775,0,0.0,0.0,0.0,0.0,0.5255102040816326,0.0,0.7000000000000001,0.7000000000000001,0.7000000000000001,0.0,3,2
403,200,0,24.475,0,0.0,0.0,0.0,0.0,0.5652173913043478,0.0,0.7000000000000001,0.7000000000000002,0.7000000000000001,1.2369200597215426e-32,3,1
404,200,0,56.32499999999998,0,1.0,1.0,0.0,0.0,0.31611570247933884,0.0,0.7000000000000001,0.7000000000000001,0.7000000000000001,0.0,1,6
405,200,0,27.075000000000003,0,0.0,0.0,0.0,0.0,0.601063829787234,0.0,0.7000000000000001,0.7000000000000001,0.7000000000000001,0.0,3,3
406,200,0,42.124999999999986,0,0.0,0.0,0.0,0.0,0.3973684210526316,0.0,0.7000000000000001,0.7,0.7000000000000001,1.2350554341970682e-32,2,4
407,200,0,47.49999999999997,0,0.0,0.0,0.0,0.0,0.366822429906542,0.0,0.7000000000000001,0.7000000000000001,0.7000000000000001,0.0,2,19
408,200,0,24.225,0,0.0,0.0,0.0,0.0,0.6590909090909091,0.0,0.7000000000000001,0.7000000000000001,0.7000000000000001,0.0,3,2
409,200,0,29.250000000000007,0,0.0,0.0,0.0,0.0,0.48684210526315785,0.0,0.7000000000000001,0.7000000000000001,0.7000000000000001,0.0,3,5
410,200,0,24.200000000000003,0,0.0,0.0,0.0,0.0,0.6611111111111111,0.0,0.7000000000000001,0.7000000000000001,0.7000000000000001,0.0,3,3
411,200,0,27.724999999999998,0,0.0,0.0,0.0,0.0,0.503968253968254,0.0,0.7000000000000001,0.7000000000000002,0.7000000000000001,1.2360478119271806e-32,3,9
412,200,0,29.475000000000005,0,0.0,0.0,0.0,0.0,0.5089285714285714,0.0,0.7000000000000001,0.7000000000000001,0.7000000000000001,0.0,3,6
413,200,0,23.975,0,0.0,0.0,0.0,0.0,0.6337209302325582,0.0,0.7000000000000001,0.7000000000000001,0.7000000000000001,0.0,3,2
414,200,0,26.45,0,0.0,0.0,0.0,0.0,0.601063829787234,0.0,0.7000000000000001,0.7000000000000001,0.7000000000000001,0.0,3,3
415,200,0,38.07499999999997,0,0.0,0.0,0.0,0.0,0.2804878048780488,0.0,0.7000000000000001,0.6999999999999998,0.7000000000000001,4.94001030735326e-32,3,23
416,200,0,43.99999999999997,0,0.0,0.0,0.0,0.0,0.4678217821782178,0.0,0.7000000000000001,0.7,0.7000000000000001,1.2351209741709617e-32,2,15
417,200,0,33.999999999999986,0,0.0,0.0,0.0,0.0,0.4375,0.0,0.7000000000000001,0.7,0.7000000000000001,1.2354287165099178e-32,3,3
418,200,0,24.799999999999997,0,0.0,0.0,0.0,0.0,0.6337209302325582,0.0,0.7000000000000001,0.7000000000000001,0.7000000000000001,0.0,3,2
419,200,0,23.925,0,0.0,0.0,0.0,0.0,0.6890243902439024,0.0,0.7000000000000001,0.7,0.7000000000000001,1.2375255450654623e-32,3,1
420,200,0,24.75,0,0.0,0.0,0.0,0.0,0.6666666666666666,0.0,0.7000000000000001,0.7,0.7000000000000001,1.237409989268799e-32,3,2
421,200,0,27.27499999999997,0,0.0,0.0,0.0,0.0,0.5135135135135135,0.0,0.7000000000000001,0.7000000000000001,0.7000000000000001,0.0,2,1
422,200,0,25.875,0,0.0,0.0,0.0,0.0,0.5691489361702128,0.0,0.7000000000000001,0.7000000000000002,0.7000000000000001,1.2369200597215426e-32,3,3
423,38,0,5.4750000000000005,0,0.0,0.0,0.0,0.0,0,0.0,0.7000000000000001,0.7000000000000001,0.7000000000000001,0.0,4,3
424,200,0,23.425,0,0.0,0.0,0.0,0.0,0.7,0.0,0.7000000000000001,0.7,0.7000000000000001,1.237667572491814e-32,3,1
425,200,0,21.374999999999986,0,0.0,0.0,0.0,0.0,0.6271929824561403,0.0,0.7000000000000001,0.7000000000000001,0.7000000000000001,0.0,3,2
426,200,0,40.09999999999998,0,0.0,0.0,0.0,0.0,0.4859550561797753,0.0,0.7000000000000001,0.7,0.7000000000000001,1.2353901647806377e-32,2,1
427,200,0,18.249999999999964,0,0.0,0.0,0.0,0.0,0.7393617021276596,0.0,0.7000000000000001,0.6999999999999998,0.7000000000000001,4.951632298396976e-32,3,2
428,200,0,26.35,0,0.0,0.0,0.0,0.0,0.5691489361702128,0.0,0.7000000000000001,0.7000000000000002,0.7000000000000001,1.2369200597215426e-32,3,3
429,200,0,24.599999999999998,0,0.0,0.0,0.0,0.0,0.7012195121951219,0.0,0.7000000000000001,0.7,0.7000000000000001,1.2376467839340925e-32,3,1
430,200,0,33.050000000000004,0,0.0,0.0,0.0,0.0,0.3369565217391305,0.0,0.7000000000000001,0.7,0.7000000000000001,1.2355581335530422e-32,3,11
431,200,0,24.55,0,0.0,0.0,0.0,0.0,0.6666666666666666,0.0,0.7000000000000001,0.7,0.7000000000000001,1.2375255450654623e-32,3,2
432,200,0,27.325000000000003,0,0.0,0.0,0.0,0.0,0.5865384615384616,0.0,0.7000000000000001,0.7000000000000001,0.7000000000000001,0.0,3,5
433,182,0,17.024999999999974,0,0.0,0.0,0.0,0.0,0,0.0,0.7000000000000001,0.7000000000000002,0.7000000000000001,1.2369972899950018e-32,4,5
434,200,0,25.45,0,0.0,0.0,0.0,0.0,0.59375,0.0,0.7000000000000001,0.7000000000000001,0.7000000000000001,0.0,3,2
435,200,0,22.975,0,0.0,0.0,0.0,0.0,0.7,0.0,0.7000000000000001,0.7,0.7000000000000001,1.2376467839340925e-32,3,1
436,200,0,24.3,0,0.0,0.0,0.0,0.0,0.6890243902439024,0.0,0.7000000000000001,0.7,0.7000000000000001,1.2375255450654623e-32,3,1
437,200,0,39.89999999999998,0,0.0,0.0,0.0,0.0,0.46590909090909094,0.0,0.7000000000000001,0.7,0.7000000000000001,1.2352805569228806e-32,2,5
438,200,0,26.624999999999996,0,0.0,0.0,0.0,0.0,0.5344827586206896,0.0,0.7000000000000001,0.7000000000000001,0.7000000000000001,0.0,3,8
439,51,0,5.375000000000001,0,0.0,0.0,0.0,0.0,0,0.0,0.7000000000000001,0.7,0.7000000000000001,1.242535447991765e-32,4,4
440,200,0,32.675000000000004,0,0.0,0.0,0.0,0.0,0.4423076923076923,0.0,0.7000000000000001,0.7000000000000001,0.7000000000000001,0.0,3,3
441,122,0,9.099999999999996,0,0.0,0.0,0.0,0.0,0,0.0,0.7000000000000001,0.7000000000000002,0.7000000000000001,1.240020436482577e-32,4,1
442,200,0,17.374999999999968,0,0.0,0.0,0.0,0.0,0.7277777777777777,0.0,0.7000000000000001,0.7000000000000001,0.7000000000000001,0.0,3,2
443,27,0,3.7249999999999996,0,0.0,0.0,0.0,0.0,0,0.0,0.7000000000000001,0.7000000000000002,0.7000000000000001,1.2449211160519093e-32,4,5
444,200,0,25.25,0,0.0,0.0,0.0,0.0,0.6388888888888888,0.0,0.7000000000000001,0.7000000000000002,0.7000000000000001,1.2371101650100574e-32,3,1
445,200,0,25.074999999999985,0,0.0,0.0,0.0,0.0,0.4928571428571429,0.0,0.7000000000000001,0.6999999999999998,0.7000000000000001,4.942036403866858e-32,2,3
446,200,0,29.250000000000004,0,0.0,0.0,0.0,0.0,0.5136363636363637,0.0,0.7000000000000001,0.7000000000000002,0.7000000000000001,1.236220444303148e-32,3,6
447,200,0,23.824999999999978,0,0.0,0.0,0.0,0.0,0.5564516129032258,0.0,0.7000000000000001,0.7000000000000001,0.7000000000000001,0.0,3,1
448,200,0,29.925000000000004,0,0.0,0.0,0.0,0.0,0.46818181818181814,0.0,0.7000000000000001,0.7000000000000002,0.7000000000000001,1.2364470242966055e-32,3,3
449,200,0,22.65,0,0.0,0.0,0.0,0.0,0.7368421052631579,0.0,0.7000000000000001,0.6999999999999998,0.7000000000000001,4.951632298396976e-32,3,1
450,200,0,39.29999999999998,0,0.0,0.0,0.0,0.0,0.43965517241379315,0.0,0.7000000000000001,0.6999999999999998,0.7000000000000001,4.94098362678752e-32,2,3
451,200,0,26.849999999999998,0,0.0,0.0,0.0,0.0,0.59,0.0,0.7000000000000001,0.7000000000000002,0.7000000000000001,1.23673138979175e-32,3,2
452,200,0,24.05,0,0.0,0.0,0.0,0.0,0.7371794871794872,0.0,0.7000000000000001,0.6999999999999998,0.7000000000000001,4.951632298396976e-32,3,0
453,200,0,41.27499999999998,0,0.0,0.0,0.0,0.0,0.40909090909090906,0.0,0.7000000000000001,0.7,0.7000000000000001,1.2350902963195878e-32,2,8
454,200,0,32.4,0,0.0,0.0,0.0,0.0,0.40671641791044777,0.0,0.7000000000000001,0.7,0.7000000000000001,1.2355581335530422e-32,3,9
455,200,0,32.6,0,0.0,0.0,0.0,0.0,0.4015151515151515,0.0,0.7000000000000001,0.7,0.7000000000000001,1.2356766523188505e-32,3,4
456,200,0,29.850000000000005,0,0.0,0.0,0.0,0.0,0.4655172413793104,0.0,0.7000000000000001,0.7000000000000002,0.7000000000000001,1.2360478119271806e-32,3,6
457,200,0,25.55,0,0.0,0.0,0.0,0.0,0.5978260869565217,0.0,0.7000000000000001,0.7000000000000001,0.7000000000000001,0.0,3,4
458,200,0,29.8,0,0.0,0.0,0.0,0.0,0.49590163934426235,0.0,0.7000000000000001,0.7000000000000001,0.7000000000000001,0.0,3,4
459,200,0,30.925,0,0.0,0.0,0.0,0.0,0.4872881355932204,0.0,0.7000000000000001,0.7000000000000001,0.7000000000000001,0.0,3,4
460,200,0,53.97499999999997,0,0.0,0.0,0.0,0.0,0.3326446280991735,0.0,0.7000000000000001,0.7000000000000001,0.7000000000000001,0.0,2,12
461,200,0,27.150000000000002,0,0.0,0.0,0.0,0.0,0.53,0.0,0.7000000000000001,0.7000000000000002,0.7000000000000001,1.2365970967598045e-32,3,5
462,200,0,41.34999999999998,0,0.0,0.0,0.0,0.0,0.3913043478260869,0.0,0.7000000000000001,0.7,0.7000000000000001,1.2350311232307713e-32,2,3
463,200,0,24.375,0,0.0,0.0,0.0,0.0,0.5944444444444444,0.0,0.7000000000000001,0.7000000000000002,0.7000000000000001,1.2369972899950018e-32,3,3
464,200,0,19.19999999999997,0,0.0,0.0,0.0,0.0,0.7045454545454546,0.0,0.7000000000000001,0.7,0.7000000000000001,1.2376467839340925e-32,3,2
465,200,0,41.19999999999998,0,0.0,0.0,0.0,0.0,0.4353932584269663,0.0,0.7000000000000001,0.7,0.7000000000000001,1.2352121392791852e-32,3,3
466,200,0,19.399999999999967,0,0.0,0.0,0.0,0.0,0.5434782608695652,0.0,0.7000000000000001,0.7000000000000002,0.7000000000000001,1.23673138979175e-32,3,6
467,200,0,42.57499999999998,0,0.0,0.0,0.0,0.0,0.4097938144329897,0.0,0.7000000000000001,0.7,0.7000000000000001,1.2351209741709617e-32,2,10
468,21,0,0.55,0,0.0,0.0,0.0,0.0,0,0.0,0.7000000000000001,0.7000000000000003,0.7000000000000001,5.013946431489482e-32,4,2
469,200,0,28.225,0,0.0,0.0,0.0,0.0,0.55,0.0,0.7000000000000001,0.7000000000000001,0.7000000000000001,0.0,3,2
470,200,0,42.99999999999997,0,0.0,0.0,0.0,0.0,0.4342105263157895,0.0,0.7000000000000001,0.7,0.7000000000000001,1.2350902963195878e-32,2,15
471,200,0,27.2,0,0.0,0.0,0.0,0.0,0.5867346938775511,0.0,0.7000000000000001,0.7000000000000002,0.7000000000000001,1.23673138979175e-32,3,3
472,200,0,32.275,0,0.0,0.0,0.0,0.0,0.4713114754098361,0.0,0.7000000000000001,0.7000000000000001,0.7000000000000001,0.0,3,4
473,200,0,25.775000000000006,0,0.0,0.0,0.0,0.0,0.6166666666666667,0.0,0.7000000000000001,0.7000000000000001,0.7000000000000001,0.0,3,3
474,200,0,25.925,0,0.0,0.0,0.0,0.0,0.5869565217391305,0.0,0.7000000000000001,0.7000000000000002,0.7000000000000001,1.2369972899950018e-32,3,2
475,200,0,20.274999999999974,0,0.0,0.0,0.0,0.0,0.7205882352941176,0.0,0.7000000000000001,0.7,0.7000000000000001,1.237667572491814e-32,3,1
476,27,0,1.7000000000000004,0,0.0,0.0,0.0,0.0,0,0.0,0.7000000000000001,0.7000000000000003,0.7000000000000001,4.994411575262899e-32,4,2
477,200,0,32.199999999999996,0,0.0,0.0,0.0,0.0,0.46641791044776115,0.0,0.7000000000000001,0.7000000000000001,0.7000000000000001,0.0,3,2
478,200,0,44.92499999999998,0,0.0,0.0,0.0,0.0,0.42000000000000004,0.0,0.7000000000000001,0.7,0.7000000000000001,1.2350311232307713e-32,2,8
479,200,0,24.174999999999997,0,0.0,0.0,0.0,0.0,0.6337209302325582,0.0,0.7000000000000001,0.7000000000000001,0.7000000000000001,0.0,3,3
480,200,0,27.149999999999956,0,0.0,0.0,0.0,0.0,0.47435897435897434,0.0,0.7000000000000001,0.7,0.7000000000000001,1.2353901647806377e-32,2,3
481,200,0,23.224999999999998,0,0.0,0.0,0.0,0.0,0.7368421052631579,0.0,0.7000000000000001,0.6999999999999998,0.7000000000000001,4.951632298396976e-32,3,1
482,200,0,26.125,0,0.0,0.0,0.0,0.0,0.5691489361702128,0.0,0.7000000000000001,0.7000000000000001,0.7000000000000001,0.0,3,3
483,200,0,26.674999999999997,0,0.0,0.0,0.0,0.0,0.5051020408163265,0.0,0.7000000000000001,0.7000000000000001,0.7000000000000001,0.0,3,3
484,200,0,25.900000000000002,0,0.0,0.0,0.0,0.0,0.6413043478260869,0.0,0.7000000000000001,0.7000000000000001,0.7000000000000001,0.0,3,3
485,200,0,22.75,0,0.0,0.0,0.0,0.0,0.6987179487179487,0.0,0.7000000000000001,0.7,0.7000000000000001,1.2376467839340925e-32,3,1
486,200,0,41.22499999999997,0,0.0,0.0,0.0,0.0,0.4447368421052632,0.0,0.7000000000000001,0.7,0.7000000000000001,1.2351846500473432e-32,2,3
487,200,0,26.325000000000003,0,0.0,0.0,0.0,0.0,0.6304347826086957,0.0,0.7000000000000001,0.7000000000000002,0.7000000000000001,1.2369972899950018e-32,3,3
488,200,0,23.25,0,0.0,0.0,0.0,0.0,0.6890243902439024,0.0,0.7000000000000001,0.7,0.7000000000000001,1.2375255450654623e-32,3,1
489,200,0,22.95,0,0.0,0.0,0.0,0.0,0.7115384615384616,0.0,0.7000000000000001,0.7000000000000001,0.7000000000000001,0.0,3,0
490,200,0,25.250000000000004,0,0.0,0.0,0.0,0.0,0.6223404255319149,0.0,0.7000000000000001,0.7000000000000001,0.7000000000000001,0.0,3,4
491,200,0,40.22499999999998,0,0.0,0.0,0.0,0.0,0.4388888888888889,0.0,0.7000000000000001,0.7,0.7000000000000001,1.2352232990867388e-32,2,3
492,200,0,15.924999999999963,0,0.0,0.0,0.0,0.0,0.6710526315789473,0.0,0.7000000000000001,0.7,0.7000000000000001,1.2376467839340925e-32,3,0
493,200,0,46.075,0,0.0,0.0,0.0,0.0,0.2846534653465347,0.0,0.7000000000000001,0.7000000000000001,0.7000000000000001,0.0,2,14
494,200,0,30.075000000000003,0,0.0,0.0,0.0,0.0,0.42543859649122806,0.0,0.7000000000000001,0.7000000000000002,0.7000000000000001,1.2362311383441371e-32,3,3
495,200,0,25.325,0,0.0,0.0,0.0,0.0,0.6704545454545454,0.0,0.7000000000000001,0.7000000000000001,0.7000000000000001,0.0,3,1
496,200,0,42.94999999999998,0,0.0,0.0,0.0,0.0,0.41666666666666663,0.0,0.7000000000000001,0.7,0.7000000000000001,1.2350554341970682e-32,3,3
497,200,0,28.324999999999978,0,0.0,0.0,0.0,0.0,0.47435897435897434,0.0,0.7000000000000001,0.7,0.7000000000000001,1.2353965170542123e-32,2,3
498,200,0,33.025000000000006,0,0.0,0.0,0.0,0.0,0.4015151515151515,0.0,0.7000000000000001,0.7,0.7000000000000001,1.2356461425375533e-32,3,5
499,86,0,7.174999999999999,0,0.0,0.0,0.0,0.0,0,0.0,0.7000000000000001,0.7000000000000002,0.7000000000000001,1.240020436482577e-32,4,3
500,200,0,18.64999999999998,0,0.0,0.0,0.0,0.0,0.7393617021276596,0.0,0.7000000000000001,0.6999999999999998,0.7000000000000001,4.951632298396976e-32,3,0
501,200,0,48.55,0,0.0,0.0,0.0,0.0,0.5072815533980582,0.0,0.7000000000000001,0.6999999999999998,0.7000000000000001,4.941264500142651e-32,2,6
502,200,0,23.349999999999987,0,0.0,0.0,0.0,0.0,0.575,0.0,0.7000000000000001,0.7000000000000001,0.7000000000000001,0.0,3,4
503,200,0,23.925000000000004,0,0.0,0.0,0.0,0.0,0.6277777777777778,0.0,0.7000000000000001,0.7000000000000002,0.7000000000000001,1.2369972899950018e-32,3,5
504,200,0,45.15,0,0.0,0.0,0.0,0.0,0.4308510638297872,0.0,0.7000000000000001,0.7,0.7000000000000001,1.2351577323172027e-32,2,14
505,200,0,24.75,0,0.0,0.0,0.0,0.0,0.6337209302325582,0.0,0.7000000000000001,0.7000000000000001,0.7000000000000001,0.0,3,1
506,200,0,40.924999999999976,0,0.0,0.0,0.0,0.0,0.4444444444444444,0.0,0.7000000000000001,0.7,0.7000000000000001,1.2352177073108264e-32,3,6
507,200,0,26.6,0,0.0,0.0,0.0,0.0,0.5904255319148937,0.0,0.7000000000000001,0.7000000000000001,0.7000000000000001,0.0,3,4
508,200,0,25.75,0,0.0,0.0,0.0,0.0,0.5729166666666666,0.0,0.7000000000000001,0.7000000000000001,0.7000000000000001,0.0,3,2
509,200,0,27.374999999999996,0,0.0,0.0,0.0,0.0,0.43518518518518523,0.0,0.7000000000000001,0.7000000000000001,0.7000000000000001,0.0,3,6
510,200,0,27.425,0,0.0,0.0,0.0,0.0,0.53,0.0,0.7000000000000001,0.7000000000000001,0.7000000000000001,0.0,3,2
511,200,0,33.09999999999999,0,0.0,0.0,0.0,0.0,0.47388059701492535,0.0,0.7000000000000001,0.7000000000000001,0.7000000000000001,0.0,3,2
512,146,0,9.34999999999999,0,0.0,0.0,0.0,0.0,0,0.0,0.7000000000000001,0.7000000000000001,0.7000000000000001,0.0,4,0
513,200,0,29.75,0,0.0,0.0,0.0,0.0,0.48275862068965514,0.0,0.7000000000000001,0.7000000000000001,0.7000000000000001,0.0,3,9
514,200,0,30.974999999999994,0,0.0,0.0,0.0,0.0,0.48809523809523814,0.0,0.7000000000000001,0.7000000000000001,0.7000000000000001,0.0,3,6
515,200,0,28.699999999999996,0,0.0,0.0,0.0,0.0,0.5333333333333333,0.0,0.7000000000000001,0.7000000000000001,0.7000000000000001,0.0,3,2
516,200,0,28.150000000000002,0,0.0,0.0,0.0,0.0,0.4464285714285714,0.0,0.7000000000000001,0.7000000000000002,0.7000000000000001,1.2361679040148102e-32,3,5
517,200,0,25.75,0,0.0,0.0,0.0,0.0,0.6363636363636364,0.0,0.7000000000000001,0.7000000000000001,0.7000000000000001,0.0,3,3
518,200,0,27.625,0,0.0,0.0,0.0,0.0,0.6117021276595744,0.0,0.7000000000000001,0.7000000000000001,0.7000000000000001,0.0,3,1
519,200,0,39.7,0,0.0,0.0,0.0,0.0,0.49375,0.0,0.7000000000000001,0.7,0.7000000000000001,1.2354683466092478e-32,2,5
520,200,0,44.22499999999997,0,0.0,0.0,0.0,0.0,0.43999999999999995,0.0,0.7000000000000001,0.7,0.7000000000000001,1.2351209741709617e-32,2,9
521,62,0,2.8750000000000036,0,0.0,0.0,0.0,0.0,0,0.0,0.7000000000000001,0.7000000000000003,0.7000000000000001,4.982831515691232e-32,4,1
522,200,0,29.5,0,0.0,0.0,0.0,0.0,0.5045454545454545,0.0,0.7000000000000001,0.7000000000000002,0.7000000000000001,1.2362966513880347e-32,3,7
523,200,0,17.324999999999978,0,0.0,0.0,0.0,0.0,0.7159090909090909,0.0,0.7000000000000001,0.7000000000000001,0.7000000000000001,0.0,3,1
524,200,0,33.15,0,0.0,0.0,0.0,0.0,0.4558823529411765,0.0,0.7000000000000001,0.7,0.7000000000000001,1.2355941794063903e-32,3,4
525,200,0,29.150000000000002,0,0.0,0.0,0.0,0.0,0.5343137254901961,0.0,0.7000000000000001,0.7000000000000001,0.7000000000000001,0.0,3,4
526,200,0,15.374999999999964,0,0.0,0.0,0.0,0.0,0.725,0.0,0.7000000000000001,0.7000000000000001,0.7000000000000001,0.0,3,1
527,200,0,40.699999999999974,0,0.0,0.0,0.0,0.0,0.452247191011236,0.0,0.7000000000000001,0.7,0.7000000000000001,1.2352121392791852e-32,2,6
528,200,0,26.025,0,0.0,0.0,0.0,0.0,0.5797872340425532,0.0,0.7000000000000001,0.7000000000000002,0.7000000000000001,1.2370289599632548e-32,3,2
529,200,0,35.57499999999999,0,0.0,0.0,0.0,0.0,0.38888888888888884,0.0,0.7000000000000001,0.7,0.7000000000000001,1.235435245431812e-32,3,6
530,56,0,2.8250000000000024,0,0.0,0.0,0.0,0.0,0,0.0,0.7000000000000001,0.7000000000000002,0.7000000000000001,1.2449211160519093e-32,4,2
531,200,0,40.77499999999996,0,0.0,0.0,0.0,0.0,0.5,0.0,0.7000000000000001,0.7,0.7000000000000001,1.2353526479971103e-32,2,4
532,200,0,28.300000000000004,0,0.0,0.0,0.0,0.0,0.48584905660377353,0.0,0.7000000000000001,0.7000000000000001,0.7000000000000001,0.0,3,4
533,200,0,25.95,0,0.0,0.0,0.0,0.0,0.6363636363636364,0.0,0.7000000000000001,0.7000000000000001,0.7000000000000001,0.0,3,2
534,200,0,44.84999999999997,0,0.0,0.0,0.0,0.0,0.423469387755102,0.0,0.7000000000000001,0.6999999999999998,0.7000000000000001,4.940760406384232e-32,2,4
535,200,0,22.8,0,0.0,0.0,0.0,0.0,0.6337209302325582,0.0,0.7000000000000001,0.7000000000000001,0.7000000000000001,0.0,3,1
536,200,0,28.099999999999998,0,0.0,0.0,0.0,0.0,0.5459183673469388,0.0,0.7000000000000001,0.7000000000000001,0.7000000000000001,0.0,3,2
537,200,0,30.875000000000004,0,0.0,0.0,0.0,0.0,0.43103448275862066,0.0,0.7000000000000001,0.7000000000000002,0.7000000000000001,1.2361679040148102e-32,3,4
538,200,0,27.325000000000003,0,0.0,0.0,0.0,0.0,0.6195652173913043,0.0,0.7000000000000001,0.7000000000000002,0.7000000000000001,1.2371101650100574e-32,3,1
539,200,0,42.174999999999976,0,0.0,0.0,0.0,0.0,0.49468085106382975,0.0,0.7000000000000001,0.7,0.7000000000000001,1.2352805569228806e-32,2,8
540,200,0,25.274999999999974,0,1.0,1.0,0.0,0.0,0.5410447761194029,0.0,0.7000000000000001,0.7000000000000002,0.7000000000000001,1.2361679040148102e-32,3,4
541,200,0,20.94999999999997,0,0.0,0.0,0.0,0.0,0.55,0.0,0.7000000000000001,0.7000000000000001,0.7000000000000001,0.0,3,3
542,200,0,30.175000000000004,0,0.0,0.0,0.0,0.0,0.34523809523809523,0.0,0.7000000000000001,0.7,0.7000000000000001,1.2357884161290948e-32,3,8
543,200,0,40.94999999999997,0,0.0,0.0,0.0,0.0,0.4642857142857143,0.0,0.7000000000000001,0.6999999999999998,0.7000000000000001,4.94098362678752e-32,2,5
544,200,0,27.325,0,0.0,0.0,0.0,0.0,0.51,0.0,0.7000000000000001,0.7000000000000002,0.7000000000000001,1.23673138979175e-32,3,1
545,200,0,42.82499999999999,0,0.0,0.0,0.0,0.0,0.42391304347826086,0.0,0.7000000000000001,0.6999999999999998,0.7000000000000001,4.940341022596236e-32,3,10
546,200,0,28.55,0,0.0,0.0,0.0,0.0,0.5518867924528302,0.0,0.7000000000000001,0.7000000000000001,0.7000000000000001,0.0,3,7
547,200,0,23.825,0,0.0,0.0,0.0,0.0,0.6802325581395349,0.0,0.7000000000000001,0.7000000000000001,0.7000000000000001,0.0,3,4
548,200,0,25.35,0,0.0,0.0,0.0,0.0,0.6388888888888888,0.0,0.7000000000000001,0.7000000000000001,0.7000000000000001,0.0,3,1
549,200,0,41.02499999999997,0,0.0,0.0,0.0,0.0,0.5137362637362637,0.0,0.7000000000000001,0.7,0.7000000000000001,1.2354287165099178e-32,2,0
550,200,0,27.674999999999997,0,0.0,0.0,0.0,0.0,0.5555555555555556,0.0,0.7000000000000001,0.7000000000000002,0.7000000000000001,1.2362855690916867e-32,3,4
551,200,0,27.55,0,0.0,0.0,0.0,0.0,0.5384615384615384,0.0,0.7000000000000001,0.7000000000000001,0.7000000000000001,0.0,3,5
552,200,0,31.275000000000002,0,0.0,0.0,0.0,0.0,0.48684210526315785,0.0,0.7000000000000001,0.7000000000000001,0.7000000000000001,0.0,3,3
553,200,0,24.6,0,0.0,0.0,0.0,0.0,0.6309523809523809,0.0,0.7000000000000001,0.7000000000000001,0.7000000000000001,0.0,3,2
554,200,0,28.5,0,0.0,0.0,0.0,0.0,0.5131578947368421,0.0,0.7000000000000001,0.7000000000000001,0.7000000000000001,0.0,3,2
555,200,0,23.27499999999997,0,0.0,0.0,0.0,0.0,0.6071428571428571,0.0,0.7000000000000001,0.7000000000000002,0.7000000000000001,1.2369200597215426e-32,3,6
556,200,0,25.2,0,0.0,0.0,0.0,0.0,0.5459183673469388,0.0,0.7000000000000001,0.7000000000000002,0.7000000000000001,1.2366766053495786e-32,3,5
557,200,0,18.54999999999997,0,0.0,0.0,0.0,0.0,0.5833333333333334,0.0,0.7000000000000001,0.7000000000000001,0.7000000000000001,0.0,3,3
558,200,0,26.55,0,0.0,0.0,0.0,0.0,0.6413043478260869,0.0,0.7000000000000001,0.7000000000000002,0.7000000000000001,1.2371101650100574e-32,3,3
559,200,0,33.87499999999999,0,0.0,0.0,0.0,0.0,0.41428571428571426,0.0,0.7000000000000001,0.7,0.7000000000000001,1.2354683466092478e-32,3,2
560,200,0,41.14999999999998,0,0.0,0.0,0.0,0.0,0.3579545454545454,0.0,0.7000000000000001,0.7,0.7000000000000001,1.2349746917522477e-32,2,10
561,200,0,30.175000000000004,0,0.0,0.0,0.0,0.0,0.4342105263157895,0.0,0.7000000000000001,0.7000000000000002,0.7000000000000001,1.2361679040148102e-32,3,5
562,200,0,29.225,0,0.0,0.0,0.0,0.0,0.5384615384615384,0.0,0.7000000000000001,0.7000000000000001,0.7000000000000001,0.0,3,1
563,200,0,34.57499999999999,0,0.0,0.0,0.0,0.0,0.44999999999999996,0.0,0.7000000000000001,0.7000000000000001,0.7000000000000001,0.0,3,1
564,200,0,29.775000000000006,0,0.0,0.0,0.0,0.0,0.4342105263157895,0.0,0.7000000000000001,0.7000000000000002,0.7000000000000001,1.2362311383441371e-32,3,2
565,200,0,25.55,0,0.0,0.0,0.0,0.0,0.5760869565217391,0.0,0.7000000000000001,0.7000000000000002,0.7000000000000001,1.2369972899950018e-32,3,2
566,200,0,23.24999999999997,0,0.0,0.0,0.0,0.0,0.6271929824561403,0.0,0.7000000000000001,0.7000000000000002,0.7000000000000001,1.2369200597215426e-32,3,1
567,200,0,23.75,0,0.0,0.0,0.0,0.0,0.6785714285714286,0.0,0.7000000000000001,0.7,0.7000000000000001,1.2375255450654623e-32,3,1
568,200,0,19.624999999999964,0,0.0,0.0,0.0,0.0,0.622093023255814,0.0,0.7000000000000001,0.7000000000000002,0.7000000000000001,1.2369972899950018e-32,3,3
569,200,0,43.77499999999997,0,0.0,0.0,0.0,0.0,0.48958333333333337,0.0,0.7000000000000001,0.6999999999999998,0.7000000000000001,4.94100647801415e-32,2,12
570,200,0,29.700000000000003,0,0.0,0.0,0.0,0.0,0.43965517241379315,0.0,0.7000000000000001,0.7000000000000001,0.7000000000000001,0.0,3,5
571,200,0,36.54999999999999,0,0.0,0.0,0.0,0.0,0.3846153846153846,0.0,0.7000000000000001,0.7,0.7000000000000001,1.2352065948408985e-32,3,6
572,200,0,27.85,0,0.0,0.0,0.0,0.0,0.5663265306122449,0.0,0.7000000000000001,0.7000000000000001,0.7000000000000001,0.0,3,5
573,200,0,45.149999999999984,0,0.0,0.0,0.0,0.0,0.5052083333333334,0.0,0.7000000000000001,0.7000000000000001,0.7000000000000001,0.0,2,6
574,116,0,10.399999999999991,0,1.0,1.0,0.0,0.0,0,0.0,0.7000000000000001,0.7000000000000002,0.7000000000000001,1.2395198563427063e-32,4,0
575,200,0,43.49999999999997,0,0.0,0.0,0.0,0.0,0.484375,0.0,0.7000000000000001,0.7,0.7000000000000001,1.2352864202253152e-32,2,6
576,200,0,42.749999999999986,0,0.0,0.0,0.0,0.0,0.3891752577319587,0.0,0.7000000000000001,0.6999999999999998,0.7000000000000001,4.94001030735326e-32,2,8
577,200,0,28.325000000000003,0,0.0,0.0,0.0,0.0,0.5192307692307693,0.0,0.7000000000000001,0.7000000000000001,0.7000000000000001,0.0,3,2
578,200,0,26.675,0,0.0,0.0,0.0,0.0,0.6195652173913043,0.0,0.7000000000000001,0.7000000000000001,0.7000000000000001,0.0,3,2
579,200,0,23.175000000000004,0,0.0,0.0,0.0,0.0,0.6666666666666666,0.0,0.7000000000000001,0.7000000000000001,0.7000000000000001,0.0,3,1
580,200,0,41.574999999999974,0,0.0,0.0,0.0,0.0,0.4149484536082474,0.0,0.7000000000000001,0.6999999999999998,0.7000000000000001,4.940609663145082e-32,2,4
581,200,0,24.25,0,0.0,0.0,0.0,0.0,0.6569767441860465,0.0,0.7000000000000001,0.7,0.7000000000000001,1.237409989268799e-32,3,2
582,200,0,24.55,0,0.0,0.0,0.0,0.0,0.6686046511627907,0.0,0.7000000000000001,0.7000000000000001,0.7000000000000001,0.0,3,1
583,200,0,18.024999999999967,0,0.0,0.0,0.0,0.0,0.7180851063829787,0.0,0.7000000000000001,0.7000000000000001,0.7000000000000001,0.0,3,0
584,200,0,22.15,0,0.0,0.0,0.0,0.0,0.675,0.0,0.7000000000000001,0.7,0.7000000000000001,1.2375255450654623e-32,3,3
585,200,0,25.65,0,0.0,0.0,0.0,0.0,0.5722222222222222,0.0,0.7000000000000001,0.7000000000000002,0.7000000000000001,1.2369972899950018e-32,3,2
586,116,0,8.499999999999996,0,0.0,0.0,0.0,0.0,0,0.0,0.7000000000000001,0.7000000000000002,0.7000000000000001,1.240599029111778e-32,4,2
587,200,0,42.17499999999997,0,0.0,0.0,0.0,0.0,0.44072164948453607,0.0,0.7000000000000001,0.6999999999999998,0.7000000000000001,4.940609663145082e-32,2,5
588,200,0,23.025,0,0.0,0.0,0.0,0.0,0.7243589743589743,0.0,0.7000000000000001,0.7000000000000001,0.7000000000000001,0.0,3,2
589,200,0,44.52499999999997,0,0.0,0.0,0.0,0.0,0.37765957446808507,0.0,0.7000000000000001,0.7,0.7000000000000001,1.2349474452559376e-32,2,13
590,200,0,16.54999999999996,0,0.0,0.0,0.0,0.0,0.6818181818181818,0.0,0.7000000000000001,0.7,0.7000000000000001,1.237545345790995e-32,3,2
591,200,0,32.400000000000006,0,0.0,0.0,0.0,0.0,0.4642857142857143,0.0,0.7000000000000001,0.7000000000000002,0.7000000000000001,1.2358908734035738e-32,3,3
592,200,0,30.200000000000003,0,0.0,0.0,0.0,0.0,0.5086206896551724,0.0,0.7000000000000001,0.7000000000000001,0.7000000000000001,0.0,3,7
593,200,0,29.325000000000003,0,0.0,0.0,0.0,0.0,0.4821428571428571,0.0,0.7000000000000001,0.7000000000000001,0.7000000000000001,0.0,3,0
594,200,0,41.42499999999998,0,0.0,0.0,0.0,0.0,0.4410112359550562,0.0,0.7000000000000001,0.7,0.7000000000000001,1.2352121392791852e-32,2,7
595,200,0,33.0,0,0.0,0.0,0.0,0.0,0.5161290322580645,0.0,0.7000000000000001,0.7000000000000001,0.7000000000000001,0.0,3,2
596,200,0,24.299999999999972,0,0.0,0.0,0.0,0.0,0.575,0.0,0.7000000000000001,0.7000000000000002,0.7000000000000001,1.2362966513880347e-32,3,1
597,200,0,41.67499999999999,0,0.0,0.0,0.0,0.0,0.384020618556701,0.0,0.7000000000000001,0.7,0.7000000000000001,1.2350311232307713e-32,2,6
598,200,0,28.55,0,0.0,0.0,0.0,0.0,0.5235849056603774,0.0,0.7000000000000001,0.7000000000000001,0.7000000000000001,0.0,3,5
599,200,0,40.67499999999998,0,0.0,0.0,0.0,0.0,0.4130434782608695,0.0,0.7000000000000001,0.7,0.7000000000000001,1.2351209741709617e-32,2,5
600,200,0,47.14999999999998,0,0.0,0.0,0.0,0.0,0.37735849056603776,0.0,0.7000000000000001,0.7000000000000001,0.7000000000000001,0.0,2,2
601,200,0,33.525000000000006,0,0.0,0.0,0.0,0.0,0.4423076923076923,0.0,0.7000000000000001,0.7000000000000002,0.7000000000000001,1.2357719560686759e-32,3,3
602,200,0,27.8,0,0.0,0.0,0.0,0.0,0.5663265306122449,0.0,0.7000000000000001,0.7000000000000001,0.7000000000000001,0.0,3,3
603,200,0,26.5,0,0.0,0.0,0.0,0.0,0.65,0.0,0.7000000000000001,0.7000000000000001,0.7000000000000001,0.0,3,4
604,200,0,26.25,0,0.0,0.0,0.0,0.0,0.5833333333333334,0.0,0.7000000000000001,0.7000000000000001,0.7000000000000001,0.0,3,0
605,200,0,47.59999999999997,0,0.0,0.0,0.0,0.0,0.3472222222222222,0.0,0.7000000000000001,0.7000000000000002,0.7000000000000001,1.2348444256567504e-32,2,11
606,200,0,34.8,0,0.0,0.0,0.0,0.0,0.3938356164383562,0.0,0.7000000000000001,0.7,0.7000000000000001,1.2353526479971103e-32,3,10
607,200,0,40.34999999999997,0,0.0,0.0,0.0,0.0,0.4794117647058823,0.0,0.7000000000000001,0.6999999999999998,0.7000000000000001,4.941264500142651e-32,2,5
608,200,0,25.95,0,0.0,0.0,0.0,0.0,0.601063829787234,0.0,0.7000000000000001,0.7000000000000001,0.7000000000000001,0.0,3,7
609,200,0,42.74999999999997,0,0.0,0.0,0.0,0.0,0.446969696969697,0.0,0.7000000000000001,0.7,0.7000000000000001,1.2351577323172027e-32,2,3
610,200,0,24.625,0,0.0,0.0,0.0,0.0,0.6686046511627907,0.0,0.7000000000000001,0.7000000000000001,0.7000000000000001,0.0,3,2
611,200,0,25.325,0,0.0,0.0,0.0,0.0,0.6686046511627907,0.0,0.7000000000000001,0.7,0.7000000000000001,1.237409989268799e-32,3,1
612,200,0,26.925,0,0.0,0.0,0.0,0.0,0.53125,0.0,0.7000000000000001,0.7000000000000001,0.7000000000000001,0.0,3,3
613,200,0,28.975000000000005,0,0.0,0.0,0.0,0.0,0.47413793103448276,0.0,0.7000000000000001,0.7000000000000001,0.7000000000000001,0.0,3,2
614,200,0,27.025,0,0.0,0.0,0.0,0.0,0.5625,0.0,0.7000000000000001,0.7000000000000001,0.7000000000000001,0.0,3,2
615,200,0,22.15,0,0.0,0.0,0.0,0.0,0.676829268292683,0.0,0.7000000000000001,0.7,0.7000000000000001,1.237409989268799e-32,3,0
616,200,0,26.25,0,0.0,0.0,0.0,0.0,0.53125,0.0,0.7000000000000001,0.7000000000000001,0.7000000000000001,0.0,3,5
617,200,0,32.95,0,0.0,0.0,0.0,0.0,0.43181818181818177,0.0,0.7000000000000001,0.7,0.7000000000000001,1.2356461425375533e-32,3,14
618,200,0,30.025,0,0.0,0.0,0.0,0.0,0.4913793103448276,0.0,0.7000000000000001,0.7000000000000002,0.7000000000000001,1.2360478119271806e-32,3,8
619,200,0,43.349999999999966,0,0.0,0.0,0.0,0.0,0.36764705882352944,0.0,0.7000000000000001,0.7,0.7000000000000001,1.2349474452559376e-32,2,11
620,200,0,29.875,0,0.0,0.0,0.0,0.0,0.4017857142857143,0.0,0.7000000000000001,0.7000000000000001,0.7000000000000001,0.0,3,3
621,200,0,25.5,0,0.0,0.0,0.0,0.0,0.6704545454545454,0.0,0.7000000000000001,0.7000000000000001,0.7000000000000001,0.0,3,2
622,200,0,42.774999999999984,0,0.0,0.0,0.0,0.0,0.3928571428571429,0.0,0.7000000000000001,0.7,0.7000000000000001,1.2349978840265597e-32,2,5
623,200,0,43.099999999999966,0,0.0,0.0,0.0,0.0,0.453125,0.0,0.7000000000000001,0.7,0.7000000000000001,1.235147121269959e-32,2,13
624,200,0,39.074999999999974,0,0.0,0.0,0.0,0.0,0.5201149425287356,0.0,0.7000000000000001,0.6999999999999998,0.7000000000000001,4.942036403866858e-32,2,2
625,200,0,28.674999999999983,0,0.0,0.0,0.0,0.0,0.4354838709677419,0.0,0.7000000000000001,0.7000000000000001,0.7000000000000001,0.0,3,9
626,200,0,19.99999999999998,0,0.0,0.0,0.0,0.0,0.5722222222222222,0.0,0.7000000000000001,0.7000000000000001,0.7000000000000001,0.0,3,4
627,200,0,24.55,0,0.0,0.0,0.0,0.0,0.6785714285714286,0.0,0.7000000000000001,0.7,0.7000000000000001,1.237409989268799e-32,3,2
628,200,0,22.75,0,0.0,0.0,0.0,0.0,0.7115384615384616,0.0,0.7000000000000001,0.7,0.7000000000000001,1.2376467839340925e-32,3,2
629,200,0,23.049999999999997,0,0.0,0.0,0.0,0.0,0.6104651162790697,0.0,0.7000000000000001,0.7000000000000001,0.7000000000000001,0.0,3,4
630,200,0,38.97499999999999,0,0.0,0.0,0.0,0.0,0.3735955056179775,0.0,0.7000000000000001,0.6999999999999998,0.7000000000000001,4.94001030735326e-32,2,3
631,200,0,24.225,0,0.0,0.0,0.0,0.0,0.5833333333333334,0.0,0.7000000000000001,0.7000000000000002,0.7000000000000001,1.2369972899950018e-32,3,5
632,200,0,26.55,0,0.0,0.0,0.0,0.0,0.5760869565217391,0.0,0.7000000000000001,0.7000000000000001,0.7000000000000001,0.0,3,5
633,200,0,48.64999999999997,0,0.0,0.0,0.0,0.0,0.3341121495327103,0.0,0.7000000000000001,0.7000000000000002,0.7000000000000001,1.234772894380283e-32,2,11
634,200,0,31.200000000000006,0,0.0,0.0,0.0,0.0,0.376984126984127,0.0,0.7000000000000001,0.7000000000000001,0.7000000000000001,0.0,3,8
635,200,0,25.175,0,0.0,0.0,0.0,0.0,0.6666666666666666,0.0,0.7000000000000001,0.7,0.7000000000000001,1.2375255450654623e-32,3,3
636,200,0,24.9,0,0.0,0.0,0.0,0.0,0.6547619047619048,0.0,0.7000000000000001,0.7,0.7000000000000001,1.237409989268799e-32,3,4
637,200,0,32.62499999999999,0,0.0,0.0,0.0,0.0,0.4558823529411765,0.0,0.7000000000000001,0.7,0.7000000000000001,1.2355941794063903e-32,3,3
638,200,0,24.55,0,0.0,0.0,0.0,0.0,0.6569767441860465,0.0,0.7000000000000001,0.7000000000000001,0.7000000000000001,0.0,3,1
639,200,0,32.225,0,0.0,0.0,0.0,0.0,0.3884615384615384,0.0,0.7000000000000001,0.7000000000000001,0.7000000000000001,0.0,3,6
640,200,0,27.550000000000004,0,0.0,0.0,0.0,0.0,0.53,0.0,0.7000000000000001,0.7000000000000001,0.7000000000000001,0.0,3,1
641,200,0,27.575,0,0.0,0.0,0.0,0.0,0.5520833333333334,0.0,0.7000000000000001,0.7000000000000002,0.7000000000000001,1.2369200597215426e-32,3,2
642,200,0,30.425,0,0.0,0.0,0.0,0.0,0.43103448275862066,0.0,0.7000000000000001,0.7000000000000001,0.7000000000000001,0.0,3,6
643,200,0,34.64999999999999,0,0.0,0.0,0.0,0.0,0.4528985507246377,0.0,0.7000000000000001,0.7,0.7000000000000001,1.2355022284748304e-32,3,4
644,200,0,26.325,0,0.0,0.0,0.0,0.0,0.5691489361702128,0.0,0.7000000000000001,0.7000000000000001,0.7000000000000001,0.0,3,2
645,200,0,55.374999999999986,0,0.0,0.0,0.0,0.0,0.3119834710743802,0.0,0.7000000000000001,0.7000000000000001,0.7000000000000001,0.0,1,3
646,200,0,27.375,0,0.0,0.0,0.0,0.0,0.6304347826086957,0.0,0.7000000000000001,0.7000000000000001,0.7000000000000001,0.0,3,2
647,200,0,15.799999999999969,0,0.0,0.0,0.0,0.0,0.5875,0.0,0.7000000000000001,0.7000000000000001,0.7000000000000001,0.0,3,2
648,200,0,40.87499999999998,0,0.0,0.0,0.0,0.0,0.45329670329670335,0.0,0.7000000000000001,0.7,0.7000000000000001,1.2352177073108264e-32,2,3
649,200,0,25.300000000000004,0,0.0,0.0,0.0,0.0,0.5255102040816326,0.0,0.7000000000000001,0.7000000000000002,0.7000000000000001,1.23673138979175e-32,3,3
650,200,0,24.125,0,0.0,0.0,0.0,0.0,0.6890243902439024,0.0,0.7000000000000001,0.7,0.7000000000000001,1.237545345790995e-32,3,3
651,200,0,24.875,0,0.0,0.0,0.0,0.0,0.6022727272727273,0.0,0.7000000000000001,0.7000000000000001,0.7000000000000001,0.0,3,2
652,200,0,26.275,0,0.0,0.0,0.0,0.0,0.6611111111111111,0.0,0.7000000000000001,0.7000000000000001,0.7000000000000001,0.0,3,1
653,200,0,40.19999999999998,0,0.0,0.0,0.0,0.0,0.38953488372093026,0.0,0.7000000000000001,0.7,0.7000000000000001,1.2350603547366466e-32,2,6
654,200,0,28.250000000000004,0,0.0,0.0,0.0,0.0,0.5288461538461539,0.0,0.7000000000000001,0.7000000000000001,0.7000000000000001,0.0,3,6
655,200,0,29.45,0,0.0,0.0,0.0,0.0,0.5096153846153846,0.0,0.7000000000000001,0.7000000000000002,0.7000000000000001,1.2365712778414045e-32,3,1
656,200,0,25.4,0,0.0,0.0,0.0,0.0,0.6477272727272727,0.0,0.7000000000000001,0.7000000000000001,0.7000000000000001,0.0,3,3
657,200,0,42.65,0,0.0,0.0,0.0,0.0,0.48863636363636365,0.0,0.7000000000000001,0.7,0.7000000000000001,1.2353526479971103e-32,2,4
658,200,0,23.349999999999998,0,0.0,0.0,0.0,0.0,0.6890243902439024,0.0,0.7000000000000001,0.7,0.7000000000000001,1.2375255450654623e-32,3,0
659,200,0,21.749999999999975,0,0.0,0.0,0.0,0.0,0.6,0.0,0.7000000000000001,0.7000000000000001,0.7000000000000001,0.0,3,5
660,200,0,25.924999999999997,0,0.0,0.0,0.0,0.0,0.5797872340425532,0.0,0.7000000000000001,0.7000000000000001,0.7000000000000001,0.0,3,4
661,200,0,23.299999999999997,0,0.0,0.0,0.0,0.0,0.6875,0.0,0.7000000000000001,0.7,0.7000000000000001,1.2375255450654623e-32,3,3
662,200,0,24.975,0,0.0,0.0,0.0,0.0,0.6569767441860465,0.0,0.7000000000000001,0.7000000000000001,0.7000000000000001,0.0,3,2
663,98,0,10.449999999999996,0,0.0,0.0,0.0,0.0,0,0.0,0.7000000000000001,0.7000000000000002,0.7000000000000001,1.2397614153636904e-32,4,2
664,200,0,44.599999999999994,0,0.0,0.0,0.0,0.0,0.47282608695652173,0.0,0.7000000000000001,0.7,0.7000000000000001,1.2352864202253152e-32,2,7
665,200,0,23.7,0,0.0,0.0,0.0,0.0,0.6785714285714286,0.0,0.7000000000000001,0.7,0.7000000000000001,1.237409989268799e-32,3,1
666,200,0,26.275000000000006,0,0.0,0.0,0.0,0.0,0.601063829787234,0.0,0.7000000000000001,0.7000000000000001,0.7000000000000001,0.0,3,4
667,200,0,27.125000000000004,0,0.0,0.0,0.0,0.0,0.4722222222222222,0.0,0.7000000000000001,0.7000000000000002,0.7000000000000001,1.236387764913701e-32,3,5
668,200,0,31.425000000000004,0,0.0,0.0,0.0,0.0,0.4191176470588235,0.0,0.7000000000000001,0.7000000000000001,0.7000000000000001,0.0,3,8
669,200,0,24.9,0,0.0,0.0,0.0,0.0,0.6363636363636364,0.0,0.7000000000000001,0.7000000000000001,0.7000000000000001,0.0,3,3
670,200,0,32.9,0,0.0,0.0,0.0,0.0,0.42910447761194026,0.0,0.7000000000000001,0.7000000000000002,0.7000000000000001,1.235692137182725e-32,3,8
671,200,0,25.375,0,0.0,0.0,0.0,0.0,0.6022727272727273,0.0,0.7000000000000001,0.7000000000000001,0.7000000000000001,0.0,3,3
672,200,0,25.475000000000005,0,0.0,0.0,0.0,0.0,0.6117021276595744,0.0,0.7000000000000001,0.7000000000000001,0.7000000000000001,0.0,3,4
673,200,0,41.449999999999974,0,0.0,0.0,0.0,0.0,0.4945652173913043,0.0,0.7000000000000001,0.7,0.7000000000000001,1.2353901647806377e-32,2,4
674,200,0,26.925000000000004,0,0.0,0.0,0.0,0.0,0.47549019607843135,0.0,0.7000000000000001,0.7000000000000002,0.7000000000000001,1.2365081649297606e-32,3,6
675,200,0,42.22499999999998,0,0.0,0.0,0.0,0.0,0.3111111111111111,0.0,0.7000000000000001,0.7000000000000002,0.7000000000000001,1.2348651370862985e-32,3,4
676,200,0,21.39999999999999,0,0.0,0.0,0.0,0.0,0.6367924528301887,0.0,0.7000000000000001,0.7000000000000002,0.7000000000000001,1.2371101650100574e-32,3,3
677,200,0,24.425,0,0.0,0.0,0.0,0.0,0.6666666666666666,0.0,0.7000000000000001,0.7,0.7000000000000001,1.2375255450654623e-32,3,2
678,200,0,25.450000000000003,0,0.0,0.0,0.0,0.0,0.5625,0.0,0.7000000000000001,0.7000000000000001,0.7000000000000001,0.0,3,4
679,200,0,25.925,0,0.0,0.0,0.0,0.0,0.5904255319148937,0.0,0.7000000000000001,0.7000000000000002,0.7000000000000001,1.2369972899950018e-32,3,2
680,200,0,34.575,0,0.0,0.0,0.0,0.0,0.3274647887323944,0.0,0.7000000000000001,0.7,0.7000000000000001,1.2354683466092478e-32,3,9
681,200,0,41.09999999999997,0,0.0,0.0,0.0,0.0,0.45967741935483875,0.0,0.7000000000000001,0.6999999999999998,0.7000000000000001,4.94098362678752e-32,2,4
682,200,0,21.749999999999964,0,0.0,0.0,0.0,0.0,0.51,0.0,0.7000000000000001,0.7000000000000001,0.7000000000000001,0.0,3,5
683,200,0,23.35,0,0.0,0.0,0.0,0.0,0.7115384615384616,0.0,0.7000000000000001,0.7000000000000001,0.7000000000000001,0.0,3,1
684,200,0,24.2,0,0.0,0.0,0.0,0.0,0.6785714285714286,0.0,0.7000000000000001,0.7,0.7000000000000001,1.237409989268799e-32,3,0
685,200,0,25.950000000000003,0,0.0,0.0,0.0,0.0,0.47115384615384615,0.0,0.7000000000000001,0.7000000000000001,0.7000000000000001,0.0,3,6
686,200,0,25.75,0,0.0,0.0,0.0,0.0,0.6304347826086957,0.0,0.7000000000000001,0.7000000000000001,0.7000000000000001,0.0,3,2
687,200,0,26.950000000000003,0,0.0,0.0,0.0,0.0,0.6117021276595744,0.0,0.7000000000000001,0.7000000000000001,0.7000000000000001,0.0,3,1
688,200,0,26.75,0,0.0,0.0,0.0,0.0,0.6166666666666667,0.0,0.7000000000000001,0.7000000000000002,0.7000000000000001,1.2371101650100574e-32,3,4
689,200,0,36.22499999999998,0,0.0,0.0,0.0,0.0,0.4383116883116883,0.0,0.7000000000000001,0.7,0.7000000000000001,1.2352805569228806e-32,2,3
690,200,0,27.05,0,0.0,0.0,0.0,0.0,0.6304347826086957,0.0,0.7000000000000001,0.7000000000000001,0.7000000000000001,0.0,3,3
691,200,0,25.700000000000003,0,0.0,0.0,0.0,0.0,0.6041666666666666,0.0,0.7000000000000001,0.7000000000000001,0.7000000000000001,0.0,3,7
692,200,0,14.149999999999965,0,0.0,0.0,0.0,0.0,0.75,0.0,0.7000000000000001,0.6999999999999998,0.7000000000000001,4.952196501249161e-32,3,0
693,200,0,43.74999999999998,0,0.0,0.0,0.0,0.0,0.423469387755102,0.0,0.7000000000000001,0.6999999999999998,0.7000000000000001,4.940341022596236e-32,2,7
694,200,0,46.349999999999966,0,0.0,0.0,0.0,0.0,0.29807692307692313,0.0,0.7000000000000001,0.7000000000000002,0.7000000000000001,1.2346632770997904e-32,2,15
695,200,0,41.09999999999998,0,0.0,0.0,0.0,0.0,0.3967391304347826,0.0,0.7000000000000001,0.7,0.7000000000000001,1.2350902963195878e-32,2,7
696,200,0,29.275000000000002,0,0.0,0.0,0.0,0.0,0.40573770491803274,0.0,0.7000000000000001,0.7000000000000002,0.7000000000000001,1.236000123425532e-32,3,5
697,200,0,24.4,0,0.0,0.0,0.0,0.0,0.7125,0.0,0.7000000000000001,0.7000000000000001,0.7000000000000001,0.0,3,1
698,200,0,15.724999999999971,0,0.0,0.0,0.0,0.0,0.6959459459459459,0.0,0.7000000000000001,0.7,0.7000000000000001,1.2376467839340925e-32,3,1
699,200,0,35.449999999999996,0,0.0,0.0,0.0,0.0,0.3633333333333333,0.0,0.7000000000000001,0.7,0.7000000000000001,1.235310131730315e-32,3,6
700,200,0,32.675000000000004,0,0.0,0.0,0.0,0.0,0.45833333333333337,0.0,0.7000000000000001,0.7000000000000001,0.7000000000000001,0.0,3,3
701,200,0,16.449999999999964,0,0.0,0.0,0.0,0.0,0.6959459459459459,0.0,0.7000000000000001,0.7,0.7000000000000001,1.2376467839340925e-32,3,1
702,200,0,25.2,0,0.0,0.0,0.0,0.0,0.5869565217391305,0.0,0.7000000000000001,0.7000000000000002,0.7000000000000001,1.2370289599632548e-32,3,3
703,200,0,28.549999999999997,0,0.0,0.0,0.0,0.0,0.4772727272727273,0.0,0.7000000000000001,0.7000000000000002,0.7000000000000001,1.236220444303148e-32,3,5
704,200,0,45.025000000000006,0,0.0,0.0,0.0,0.0,0.49193548387096775,0.0,0.7000000000000001,0.7,0.7000000000000001,1.2353588306957408e-32,2,6
705,200,0,25.77499999999999,0,0.0,0.0,0.0,0.0,0.5051020408163265,0.0,0.7000000000000001,0.7000000000000002,0.7000000000000001,1.2365712778414045e-32,3,3
706,200,0,18.999999999999975,0,0.0,0.0,0.0,0.0,0.7151162790697675,0.0,0.7000000000000001,0.7000000000000001,0.7000000000000001,0.0,3,1
707,200,0,25.150000000000002,0,0.0,0.0,0.0,0.0,0.6686046511627907,0.0,0.7000000000000001,0.6999999999999998,0.7000000000000001,4.949715483739682e-32,3,1
708,200,0,38.174999999999976,0,0.0,0.0,0.0,0.0,0.45481927710843373,0.0,0.7000000000000001,0.7,0.7000000000000001,1.2352805569228806e-32,2,6
709,200,0,20.55,0,0.0,0.0,0.0,0.0,0.6602564102564102,0.0,0.7000000000000001,0.7,0.7000000000000001,1.2375255450654623e-32,3,2
710,200,0,32.175000000000004,0,0.0,0.0,0.0,0.0,0.40441176470588236,0.0,0.7000000000000001,0.7,0.7000000000000001,1.2355581335530422e-32,3,2
711,200,0,36.47499999999999,0,0.0,0.0,0.0,0.0,0.5031645569620253,0.0,0.7000000000000001,0.7,0.7000000000000001,1.2354683466092478e-32,2,1
712,200,0,29.875,0,0.0,0.0,0.0,0.0,0.4772727272727273,0.0,0.7000000000000001,0.7000000000000001,0.7000000000000001,0.0,3,5
713,200,0,37.92499999999997,0,0.0,0.0,0.0,0.0,0.4111111111111111,0.0,0.7000000000000001,0.7,0.7000000000000001,1.2350902963195878e-32,2,8
714,200,0,28.525,0,0.0,0.0,0.0,0.0,0.5904255319148937,0.0,0.7000000000000001,0.7000000000000001,0.7000000000000001,0.0,3,1
715,200,0,27.724999999999998,0,0.0,0.0,0.0,0.0,0.5096153846153846,0.0,0.7000000000000001,0.7000000000000001,0.7000000000000001,0.0,3,9
716,200,0,21.024999999999967,0,0.0,0.0,0.0,0.0,0.6911764705882353,0.0,0.7000000000000001,0.6999999999999998,0.7000000000000001,4.949715483739682e-32,3,1
717,200,0,24.975,0,0.0,0.0,0.0,0.0,0.6071428571428571,0.0,0.7000000000000001,0.7000000000000001,0.7000000000000001,0.0,3,3
718,200,0,26.45,0,0.0,0.0,0.0,0.0,0.5691489361702128,0.0,0.7000000000000001,0.7000000000000002,0.7000000000000001,1.2369200597215426e-32,3,6
719,200,0,24.82499999999997,0,0.0,0.0,0.0,0.0,0.3319672131147541,0.0,0.7000000000000001,0.7000000000000001,0.7000000000000001,0.0,3,1
720,200,0,25.5,0,0.0,0.0,0.0,0.0,0.5520833333333334,0.0,0.7000000000000001,0.7000000000000001,0.7000000000000001,0.0,3,4
721,200,0,39.674999999999976,0,0.0,0.0,0.0,0.0,0.4747191011235955,0.0,0.7000000000000001,0.7,0.7000000000000001,1.2352805569228806e-32,2,3
722,200,0,25.375,0,0.0,0.0,0.0,0.0,0.5869565217391305,0.0,0.7000000000000001,0.7000000000000001,0.7000000000000001,0.0,3,2
723,200,0,31.6,0,0.0,0.0,0.0,0.0,0.4877049180327869,0.0,0.7000000000000001,0.7000000000000001,0.7000000000000001,0.0,3,0
724,200,0,44.874999999999964,0,0.0,0.0,0.0,0.0,0.3970588235294118,0.0,0.7000000000000001,0.7,0.7000000000000001,1.2349746917522477e-32,2,6
725,200,0,42.44999999999995,0,0.0,0.0,0.0,0.0,0.36764705882352944,0.0,0.7000000000000001,0.7,0.7000000000000001,1.2349208156614308e-32,2,10
726,200,0,24.825,0,0.0,0.0,0.0,0.0,0.5691489361702128,0.0,0.7000000000000001,0.7000000000000001,0.7000000000000001,0.0,3,5
727,165,0,18.799999999999983,0,0.0,0.0,0.0,0.0,0,0.0,0.7000000000000001,0.7000000000000002,0.7000000000000001,1.2360478119271806e-32,4,9
728,200,0,46.099999999999966,0,0.0,0.0,0.0,0.0,0.43000000000000005,0.0,0.7000000000000001,0.7,0.7000000000000001,1.2350263185782606e-32,2,11
729,200,0,18.674999999999972,0,0.0,0.0,0.0,0.0,0.5663265306122449,0.0,0.7000000000000001,0.7000000000000002,0.7000000000000001,1.2369972899950018e-32,3,2
730,200,0,24.025,0,0.0,0.0,0.0,0.0,0.6071428571428571,0.0,0.7000000000000001,0.7000000000000001,0.7000000000000001,0.0,3,1
731,200,0,16.04999999999997,0,0.0,0.0,0.0,0.0,0.5914634146341463,0.0,0.7000000000000001,0.7000000000000001,0.7000000000000001,0.0,3,3
732,200,0,23.8,0,0.0,0.0,0.0,0.0,0.7125,0.0,0.7000000000000001,0.7,0.7000000000000001,1.237667572491814e-32,3,2
733,200,0,24.474999999999998,0,0.0,0.0,0.0,0.0,0.7012195121951219,0.0,0.7000000000000001,0.7,0.7000000000000001,1.2376467839340925e-32,3,1
734,200,0,30.824999999999996,0,0.0,0.0,0.0,0.0,0.515625,0.0,0.7000000000000001,0.7000000000000001,0.7000000000000001,0.0,3,3
735,200,0,28.025,0,0.0,0.0,0.0,0.0,0.4807692307692307,0.0,0.7000000000000001,0.7000000000000001,0.7000000000000001,0.0,3,3
736,200,0,41.34999999999997,0,0.0,0.0,0.0,0.0,0.4722222222222222,0.0,0.7000000000000001,0.6999999999999998,0.7000000000000001,4.94098362678752e-32,2,4
737,200,0,23.9,0,0.0,0.0,0.0,0.0,0.7371794871794872,0.0,0.7000000000000001,0.6999999999999998,0.7000000000000001,4.951632298396976e-32,3,1
738,200,0,42.12499999999997,0,0.0,0.0,0.0,0.0,0.4065656565656566,0.0,0.7000000000000001,0.7,0.7000000000000001,1.2350311232307713e-32,2,7
739,200,0,25.724999999999998,0,0.0,0.0,0.0,0.0,0.5478723404255319,0.0,0.7000000000000001,0.7000000000000002,0.7000000000000001,1.2369200597215426e-32,3,2
740,200,0,44.324999999999974,0,0.0,0.0,0.0,0.0,0.44387755102040816,0.0,0.7000000000000001,0.7,0.7000000000000001,1.2351158089158225e-32,2,10
741,200,0,38.999999999999986,0,0.0,0.0,0.0,0.0,0.42647058823529416,0.0,0.7000000000000001,0.7,0.7000000000000001,1.2352121392791852e-32,2,3
742,200,0,26.550000000000004,0,0.0,0.0,0.0,0.0,0.6041666666666666,0.0,0.7000000000000001,0.7000000000000001,0.7000000000000001,0.0,3,4
743,200,0,20.624999999999975,0,0.0,0.0,0.0,0.0,0.6847826086956522,0.0,0.7000000000000001,0.6999999999999998,0.7000000000000001,4.949715483739682e-32,3,3
744,200,0,44.549999999999976,0,0.0,0.0,0.0,0.0,0.44680851063829785,0.0,0.7000000000000001,0.6999999999999998,0.7000000000000001,4.940609663145082e-32,2,10
745,189,0,13.19999999999997,0,0.0,0.0,0.0,0.0,0,0.0,0.7000000000000001,0.7000000000000001,0.7000000000000001,0.0,4,2
746,200,0,35.14999999999999,0,0.0,0.0,0.0,0.0,0.4375,0.0,0.7000000000000001,0.7,0.7000000000000001,1.2354287165099178e-32,3,8
747,200,0,25.22499999999998,0,0.0,0.0,0.0,0.0,0.5357142857142857,0.0,0.7000000000000001,0.7000000000000001,0.7000000000000001,0.0,3,3
748,200,0,35.949999999999996,0,0.0,0.0,0.0,0.0,0.4119718309859155,0.0,0.7000000000000001,0.7,0.7000000000000001,1.2354683466092478e-32,3,5
749,200,0,23.625,0,0.0,0.0,0.0,0.0,0.6890243902439024,0.0,0.7000000000000001,0.7,0.7000000000000001,1.2375255450654623e-32,3,2
750,200,0,30.225,0,0.0,0.0,0.0,0.0,0.5040983606557377,0.0,0.7000000000000001,0.7000000000000001,0.7000000000000001,0.0,3,1
751,200,0,27.85,0,0.0,0.0,0.0,0.0,0.5357142857142857,0.0,0.7000000000000001,0.7000000000000001,0.7000000000000001,0.0,3,1
752,200,0,24.0,0,0.0,0.0,0.0,0.0,0.6646341463414634,0.0,0.7000000000000001,0.6999999999999998,0.7000000000000001,4.949715483739682e-32,3,3
753,200,0,25.45,0,0.0,0.0,0.0,0.0,0.5585106382978723,0.0,0.7000000000000001,0.7000000000000001,0.7000000000000001,0.0,3,4
754,200,0,42.4,0,0.0,0.0,0.0,0.0,0.47413793103448276,0.0,0.7000000000000001,0.7,0.7000000000000001,1.2352864202253152e-32,2,5
755,200,0,41.674999999999976,0,0.0,0.0,0.0,0.0,0.44791666666666663,0.0,0.7000000000000001,0.7,0.7000000000000001,1.2351846500473432e-32,2,4
756,200,0,26.35,0,0.0,0.0,0.0,0.0,0.5147058823529411,0.0,0.7000000000000001,0.7000000000000002,0.7000000000000001,1.2364470242966055e-32,3,4
757,200,0,19.724999999999984,0,0.0,0.0,0.0,0.0,0.71,0.0,0.7000000000000001,0.7,0.7000000000000001,1.2376467839340925e-32,3,0
758,200,0,35.59999999999999,0,0.0,0.0,0.0,0.0,0.4444444444444444,0.0,0.7000000000000001,0.7,0.7000000000000001,1.2354683466092478e-32,3,5
759,200,0,42.09999999999998,0,0.0,0.0,0.0,0.0,0.4782608695652174,0.0,0.7000000000000001,0.7,0.7000000000000001,1.2352805569228806e-32,2,5
760,200,0,27.525000000000006,0,0.0,0.0,0.0,0.0,0.5047169811320755,0.0,0.7000000000000001,0.7000000000000001,0.7000000000000001,0.0,3,9
761,200,0,44.27499999999998,0,0.0,0.0,0.0,0.0,0.37371134020618557,0.0,0.7000000000000001,0.7,0.7000000000000001,1.2349208156614308e-32,2,11
762,200,0,21.274999999999984,0,0.0,0.0,0.0,0.0,0.6117021276595744,0.0,0.7000000000000001,0.7000000000000001,0.7000000000000001,0.0,3,1
763,200,0,39.774999999999984,0,0.0,0.0,0.0,0.0,0.4339080459770115,0.0,0.7000000000000001,0.6999999999999998,0.7000000000000001,4.940609663145082e-32,2,9
764,200,0,28.1,0,0.0,0.0,0.0,0.0,0.5192307692307693,0.0,0.7000000000000001,0.7000000000000002,0.7000000000000001,1.2365081649297606e-32,3,5
765,200,0,20.600000000000016,0,0.0,0.0,0.0,0.0,0.6388888888888888,0.0,0.7000000000000001,0.7000000000000002,0.7000000000000001,1.2369972899950018e-32,3,1
766,200,0,26.3,0,0.0,0.0,0.0,0.0,0.54,0.0,0.7000000000000001,0.7000000000000001,0.7000000000000001,0.0,3,5
767,200,0,26.125,0,0.0,0.0,0.0,0.0,0.5904255319148937,0.0,0.7000000000000001,0.7000000000000001,0.7000000000000001,0.0,3,2
768,200,0,54.54999999999998,0,0.0,0.0,0.0,0.0,0.3041666666666667,0.0,0.7000000000000001,0.7000000000000001,0.7000000000000001,0.0,1,3
769,200,0,24.599999999999998,0,0.0,0.0,0.0,0.0,0.6666666666666666,0.0,0.7000000000000001,0.7,0.7000000000000001,1.237545345790995e-32,3,1
770,200,0,27.375,0,0.0,0.0,0.0,0.0,0.5625,0.0,0.7000000000000001,0.7000000000000001,0.7000000000000001,0.0,3,2
771,200,0,43.99999999999997,0,1.0,1.0,0.0,0.0,0.3877551020408163,0.0,0.7000000000000001,0.6999999999999998,0.7000000000000001,4.939771858883955e-32,2,2
772,200,0,22.225,0,0.0,0.0,0.0,0.0,0.6987179487179487,0.0,0.7000000000000001,0.7,0.7000000000000001,1.2376467839340925e-32,3,1
773,200,0,23.4,0,0.0,0.0,0.0,0.0,0.6666666666666666,0.0,0.7000000000000001,0.7000000000000001,0.7000000000000001,0.0,3,1
774,200,0,27.950000000000003,0,0.0,0.0,0.0,0.0,0.5,0.0,0.7000000000000001,0.7000000000000002,0.7000000000000001,1.2362966513880347e-32,3,5
775,200,0,23.65,0,0.0,0.0,0.0,0.0,0.6785714285714286,0.0,0.7000000000000001,0.7,0.7000000000000001,1.237409989268799e-32,3,2
776,200,0,26.274999999999963,0,0.0,0.0,0.0,0.0,0.48972602739726023,0.0,0.7000000000000001,0.7,0.7000000000000001,1.2354683466092478e-32,2,3
777,200,0,30.650000000000002,0,0.0,0.0,0.0,0.0,0.5,0.0,0.7000000000000001,0.7000000000000001,0.7000000000000001,0.0,3,6
778,200,0,24.599999999999998,0,0.0,0.0,0.0,0.0,0.6055555555555555,0.0,0.7000000000000001,0.7000000000000002,0.7000000000000001,1.2369972899950018e-32,3,9
779,200,0,27.499999999999996,0,0.0,0.0,0.0,0.0,0.6413043478260869,0.0,0.7000000000000001,0.7000000000000001,0.7000000000000001,0.0,3,3
780,200,0,25.6,0,0.0,0.0,0.0,0.0,0.59375,0.0,0.7000000000000001,0.7000000000000001,0.7000000000000001,0.0,3,5
781,200,0,25.700000000000003,0,0.0,0.0,0.0,0.0,0.5625,0.0,0.7000000000000001,0.7000000000000001,0.7000000000000001,0.0,3,2
782,200,0,23.450000000000003,0,0.0,0.0,0.0,0.0,0.625,0.0,0.7000000000000001,0.7000000000000001,0.7000000000000001,0.0,3,2
783,200,0,24.1,0,0.0,0.0,0.0,0.0,0.6785714285714286,0.0,0.7000000000000001,0.6999999999999998,0.7000000000000001,4.949715483739682e-32,3,2
784,200,0,22.975,0,0.0,0.0,0.0,0.0,0.6625,0.0,0.7000000000000001,0.7,0.7000000000000001,1.2375255450654623e-32,3,1
785,200,0,25.974999999999998,0,0.0,0.0,0.0,0.0,0.6304347826086957,0.0,0.7000000000000001,0.7000000000000001,0.7000000000000001,0.0,3,2
786,200,0,27.475,0,0.0,0.0,0.0,0.0,0.53,0.0,0.7000000000000001,0.7000000000000001,0.7000000000000001,0.0,3,4
787,129,0,7.824999999999989,0,0.0,0.0,0.0,0.0,0,0.0,0.7000000000000001,0.7000000000000002,0.7000000000000001,1.2397614153636904e-32,4,0
788,200,0,44.224999999999966,0,0.0,0.0,0.0,0.0,0.44897959183673475,0.0,0.7000000000000001,0.7,0.7000000000000001,1.235147121269959e-32,2,7
789,200,0,25.499999999999964,0,0.0,0.0,0.0,0.0,0.5135135135135135,0.0,0.7000000000000001,0.7000000000000001,0.7000000000000001,0.0,2,1
790,200,0,25.025,0,0.0,0.0,0.0,0.0,0.6666666666666666,0.0,0.7000000000000001,0.7,0.7000000000000001,1.2375255450654623e-32,3,1
791,33,0,3.425,0,0.0,0.0,0.0,0.0,0,0.0,0.7000000000000001,0.7000000000000001,0.7000000000000001,0.0,4,4
792,200,0,30.525000000000002,0,0.0,0.0,0.0,0.0,0.5892857142857143,0.0,0.7000000000000001,0.7000000000000002,0.7000000000000001,1.2362855690916867e-32,3,2
793,200,0,30.0,0,0.0,0.0,0.0,0.0,0.4279661016949152,0.0,0.7000000000000001,0.7000000000000001,0.7000000000000001,0.0,3,11
794,200,0,25.425,0,0.0,0.0,0.0,0.0,0.5833333333333334,0.0,0.7000000000000001,0.7000000000000001,0.7000000000000001,0.0,3,2
795,110,0,16.050000000000004,0,0.0,0.0,0.0,0.0,0,0.0,0.7000000000000001,0.7,0.7000000000000001,1.2375255450654623e-32,4,8
796,200,0,32.0,0,0.0,0.0,0.0,0.0,0.4342105263157895,0.0,0.7000000000000001,0.7000000000000002,0.7000000000000001,1.2362966513880347e-32,3,1
797,200,0,25.175,0,0.0,0.0,0.0,0.0,0.6055555555555555,0.0,0.7000000000000001,0.7000000000000002,0.7000000000000001,1.2371101650100574e-32,3,2
798,200,0,42.62499999999997,0,0.0,0.0,0.0,0.0,0.453125,0.0,0.7000000000000001,0.7,0.7000000000000001,1.2352121392791852e-32,2,2
799,200,0,24.125,0,0.0,0.0,0.0,0.0,0.676829268292683,0.0,0.7000000000000001,0.7000000000000001,0.7000000000000001,0.0,3,1
800,200,0,24.05,0,0.0,0.0,0.0,0.0,0.6590909090909091,0.0,0.7000000000000001,0.7000000000000001,0.7000000000000001,0.0,3,2
801,200,0,18.224999999999984,0,0.0,0.0,0.0,0.0,0.7391304347826086,0.0,0.7000000000000001,0.6999999999999998,0.7000000000000001,4.951632298396976e-32,3,0
802,200,0,26.099999999999998,0,0.0,0.0,0.0,0.0,0.6277777777777778,0.0,0.7000000000000001,0.7000000000000002,0.7000000000000001,1.2371101650100574e-32,3,5
803,200,0,38.27499999999998,0,0.0,0.0,0.0,0.0,0.5092592592592593,0.0,0.7000000000000001,0.7,0.7000000000000001,1.2354683466092478e-32,2,3
804,200,0,51.14999999999999,0,0.0,0.0,0.0,0.0,0.38716814159292035,0.0,0.7000000000000001,0.7000000000000001,0.7000000000000001,0.0,2,15
805,200,0,25.225,0,0.0,0.0,0.0,0.0,0.6104651162790697,0.0,0.7000000000000001,0.7000000000000001,0.7000000000000001,0.0,3,1
806,200,0,22.9,0,0.0,0.0,0.0,0.0,0.6625,0.0,0.7000000000000001,0.7,0.7000000000000001,1.2375255450654623e-32,3,1
807,200,0,45.575,0,0.0,0.0,0.0,0.0,0.5247252747252747,0.0,0.7000000000000001,0.7,0.7000000000000001,1.2354287165099178e-32,2,4
808,200,0,41.14999999999998,0,0.0,0.0,0.0,0.0,0.5055555555555555,0.0,0.7000000000000001,0.7,0.7000000000000001,1.2354287165099178e-32,2,4
809,200,0,29.0,0,0.0,0.0,0.0,0.0,0.5343137254901961,0.0,0.7000000000000001,0.7000000000000001,0.7000000000000001,0.0,3,5
810,200,0,26.85,0,0.0,0.0,0.0,0.0,0.4629629629629629,0.0,0.7000000000000001,0.7000000000000002,0.7000000000000001,1.2362855690916867e-32,3,4
811,200,0,19.449999999999974,0,0.0,0.0,0.0,0.0,0.6363636363636364,0.0,0.7000000000000001,0.7000000000000001,0.7000000000000001,0.0,3,1
812,200,0,36.424999999999976,0,0.0,0.0,0.0,0.0,0.47560975609756095,0.0,0.7000000000000001,0.7,0.7000000000000001,1.2353526479971103e-32,2,3
813,200,0,18.02499999999997,0,0.0,0.0,0.0,0.0,0.7166666666666667,0.0,0.7000000000000001,0.7000000000000001,0.7000000000000001,0.0,3,2
814,200,0,42.049999999999976,0,0.0,0.0,0.0,0.0,0.3575268817204301,0.0,0.7000000000000001,0.7000000000000001,0.7000000000000001,0.0,2,8
815,200,0,24.625,0,0.0,0.0,0.0,0.0,0.6918604651162791,0.0,0.7000000000000001,0.7,0.7000000000000001,1.237409989268799e-32,3,3
816,200,0,35.59999999999997,0,0.0,0.0,0.0,0.0,0.509493670886076,0.0,0.7000000000000001,0.7,0.7000000000000001,1.2354683466092478e-32,2,3
817,200,0,24.15,0,0.0,0.0,0.0,0.0,0.7012195121951219,0.0,0.7000000000000001,0.7,0.7000000000000001,1.2375255450654623e-32,3,4
818,200,0,23.95,0,0.0,0.0,0.0,0.0,0.6547619047619048,0.0,0.7000000000000001,0.6999999999999998,0.7000000000000001,4.949715483739682e-32,3,0
819,200,0,25.625,0,0.0,0.0,0.0,0.0,0.6704545454545454,0.0,0.7000000000000001,0.7000000000000001,0.7000000000000001,0.0,3,3
820,200,0,31.300000000000004,0,0.0,0.0,0.0,0.0,0.42741935483870963,0.0,0.7000000000000001,0.7000000000000001,0.7000000000000001,0.0,3,3
821,200,0,26.174999999999997,0,0.0,0.0,0.0,0.0,0.6363636363636364,0.0,0.7000000000000001,0.7000000000000001,0.7000000000000001,0.0,3,2
822,200,0,28.600000000000005,0,0.0,0.0,0.0,0.0,0.5480769230769231,0.0,0.7000000000000001,0.7000000000000001,0.7000000000000001,0.0,3,1
823,200,0,22.7,0,0.0,0.0,0.0,0.0,0.6402439024390244,0.0,0.7000000000000001,0.7,0.7000000000000001,1.237409989268799e-32,3,1
824,200,0,26.85,0,0.0,0.0,0.0,0.0,0.5663265306122449,0.0,0.7000000000000001,0.7000000000000001,0.7000000000000001,0.0,3,5
825,200,0,26.799999999999955,0,0.0,0.0,0.0,0.0,0.5033333333333333,0.0,0.7000000000000001,0.6999999999999998,0.7000000000000001,4.942036403866858e-32,2,2
826,200,0,26.55,0,0.0,0.0,0.0,0.0,0.6453488372093024,0.0,0.7000000000000001,0.7,0.7000000000000001,1.237409989268799e-32,3,1
827,200,0,19.62499999999998,0,0.0,0.0,0.0,0.0,0.68,0.0,0.7000000000000001,0.7,0.7000000000000001,1.237409989268799e-32,3,3
828,200,0,31.375,0,0.0,0.0,0.0,0.0,0.5122950819672131,0.0,0.7000000000000001,0.7000000000000001,0.7000000000000001,0.0,3,3
829,200,0,27.05,0,0.0,0.0,0.0,0.0,0.6117021276595744,0.0,0.7000000000000001,0.7000000000000002,0.7000000000000001,1.2369972899950018e-32,3,2
830,200,0,28.775000000000002,0,0.0,0.0,0.0,0.0,0.4910714285714286,0.0,0.7000000000000001,0.7000000000000002,0.7000000000000001,1.2361782898857607e-32,3,7
831,200,0,24.700000000000003,0,0.0,0.0,0.0,0.0,0.625,0.0,0.7000000000000001,0.7000000000000001,0.7000000000000001,0.0,3,2
832,200,0,40.949999999999974,0,0.0,0.0,0.0,0.0,0.47282608695652173,0.0,0.7000000000000001,0.7000000000000001,0.7000000000000001,0.0,2,4
833,200,0,31.0,0,0.0,0.0,0.0,0.0,0.461864406779661,0.0,0.7000000000000001,0.7000000000000001,0.7000000000000001,0.0,3,1
834,200,0,42.699999999999974,0,0.0,0.0,0.0,0.0,0.4893617021276596,0.0,0.7000000000000001,0.7,0.7000000000000001,1.2352805569228806e-32,2,10
835,200,0,31.150000000000006,0,0.0,0.0,0.0,0.0,0.35144927536231885,0.0,0.7000000000000001,0.7,0.7000000000000001,1.2355229438957355e-32,3,10
836,200,0,35.17499999999999,0,0.0,0.0,0.0,0.0,0.4033333333333333,0.0,0.7000000000000001,0.7,0.7000000000000001,1.235310131730315e-32,3,4
837,200,0,24.57499999999999,0,0.0,0.0,0.0,0.0,0.5089285714285714,0.0,0.7000000000000001,0.7000000000000002,0.7000000000000001,1.2365081649297606e-32,3,5
838,200,0,27.2,0,0.0,0.0,0.0,0.0,0.6117021276595744,0.0,0.7000000000000001,0.7000000000000002,0.7000000000000001,1.2369972899950018e-32,3,3
839,200,0,27.425000000000004,0,0.0,0.0,0.0,0.0,0.4950980392156863,0.0,0.7000000000000001,0.7000000000000001,0.7000000000000001,0.0,3,3
840,200,0,38.124999999999986,0,0.0,0.0,0.0,0.0,0.41470588235294115,0.0,0.7000000000000001,0.7,0.7000000000000001,1.235147121269959e-32,2,5
841,200,0,18.250000000000007,0,0.0,0.0,0.0,0.0,0.6770833333333334,0.0,0.7000000000000001,0.7,0.7000000000000001,1.237409989268799e-32,3,3
842,200,0,19.374999999999964,0,0.0,0.0,0.0,0.0,0.6354166666666666,0.0,0.7000000000000001,0.7,0.7000000000000001,1.237228980815379e-32,3,2
843,200,0,43.174999999999976,0,0.0,0.0,0.0,0.0,0.46578947368421053,0.0,0.7000000000000001,0.7,0.7000000000000001,1.2352121392791852e-32,2,2
844,200,0,25.525,0,0.0,0.0,0.0,0.0,0.7023809523809523,0.0,0.7000000000000001,0.7,0.7000000000000001,1.2376467839340925e-32,3,1
845,200,0,40.77499999999997,0,0.0,0.0,0.0,0.0,0.45430107526881724,0.0,0.7000000000000001,0.6999999999999998,0.7000000000000001,4.94098362678752e-32,2,3
846,200,0,26.849999999999998,0,0.0,0.0,0.0,0.0,0.6071428571428571,0.0,0.7000000000000001,0.7000000000000002,0.7000000000000001,1.23673138979175e-32,3,4
847,200,0,28.775000000000002,0,0.0,0.0,0.0,0.0,0.5409090909090909,0.0,0.7000000000000001,0.7000000000000002,0.7000000000000001,1.2362311383441371e-32,3,6
848,200,0,27.05,0,0.0,0.0,0.0,0.0,0.55,0.0,0.7000000000000001,0.7000000000000001,0.7000000000000001,0.0,3,4
849,200,0,44.77499999999997,0,0.0,0.0,0.0,0.0,0.452020202020202,0.0,0.7000000000000001,0.7,0.7000000000000001,1.235147121269959e-32,2,6
850,200,0,39.87499999999998,0,0.0,0.0,0.0,0.0,0.37643678160919536,0.0,0.7000000000000001,0.7,0.7000000000000001,1.2350603547366466e-32,2,4
851,200,0,38.949999999999974,0,0.0,0.0,0.0,0.0,0.4798850574712644,0.0,0.7000000000000001,0.7,0.7000000000000001,1.2353526479971103e-32,2,7
852,200,0,25.925,0,0.0,0.0,0.0,0.0,0.52,0.0,0.7000000000000001,0.7000000000000001,0.7000000000000001,0.0,3,3
853,200,0,25.275,0,0.0,0.0,0.0,0.0,0.5478723404255319,0.0,0.7000000000000001,0.7000000000000001,0.7000000000000001,0.0,3,4
854,200,0,22.2,0,0.0,0.0,0.0,0.0,0.6987179487179487,0.0,0.7000000000000001,0.7,0.7000000000000001,1.2376467839340925e-32,3,3
855,200,0,22.974999999999998,0,0.0,0.0,0.0,0.0,0.7115384615384616,0.0,0.7000000000000001,0.7,0.7000000000000001,1.237667572491814e-32,3,2
856,200,0,21.349999999999966,0,0.0,0.0,0.0,0.0,0.6556603773584906,0.0,0.7000000000000001,0.7000000000000001,0.7000000000000001,0.0,3,1
857,200,0,43.67499999999997,0,0.0,0.0,0.0,0.0,0.43686868686868685,0.0,0.7000000000000001,0.7,0.7000000000000001,1.2351158089158225e-32,2,7
858,200,0,36.54999999999999,0,0.0,0.0,0.0,0.0,0.35256410256410253,0.0,0.7000000000000001,0.7,0.7000000000000001,1.235179221356275e-32,3,6
859,200,0,28.025000000000002,0,0.0,0.0,0.0,0.0,0.5245098039215687,0.0,0.7000000000000001,0.7000000000000001,0.7000000000000001,0.0,3,5
860,200,0,44.949999999999974,0,0.0,0.0,0.0,0.0,0.42000000000000004,0.0,0.7000000000000001,0.7,0.7000000000000001,1.2350311232307713e-32,2,10
861,200,0,21.425,0,0.0,0.0,0.0,0.0,0.7105263157894737,0.0,0.7000000000000001,0.7000000000000001,0.7000000000000001,0.0,3,2
862,200,0,28.65,0,0.0,0.0,0.0,0.0,0.5192307692307693,0.0,0.7000000000000001,0.7000000000000001,0.7000000000000001,0.0,3,8
863,200,0,36.32499999999998,0,0.0,0.0,0.0,0.0,0.506578947368421,0.0,0.7000000000000001,0.7,0.7000000000000001,1.2354683466092478e-32,2,4
864,200,0,33.349999999999994,0,0.0,0.0,0.0,0.0,0.453125,0.0,0.7000000000000001,0.7000000000000001,0.7000000000000001,0.0,3,6
865,200,0,32.175000000000004,0,0.0,0.0,0.0,0.0,0.4192307692307692,0.0,0.7000000000000001,0.7,0.7000000000000001,1.2356843753461964e-32,3,4
866,33,0,3.95,0,0.0,0.0,0.0,0.0,0,0.0,0.7000000000000001,0.7000000000000002,0.7000000000000001,1.2447990769267204e-32,4,4
867,200,0,27.125,0,0.0,0.0,0.0,0.0,0.51,0.0,0.7000000000000001,0.7000000000000001,0.7000000000000001,0.0,3,4
868,200,0,27.15,0,0.0,0.0,0.0,0.0,0.5255102040816326,0.0,0.7000000000000001,0.7000000000000001,0.7000000000000001,0.0,3,3
869,200,0,28.450000000000003,0,0.0,0.0,0.0,0.0,0.5092592592592593,0.0,0.7000000000000001,0.7000000000000001,0.7000000000000001,0.0,3,4
870,200,0,27.425000000000004,0,0.0,0.0,0.0,0.0,0.53,0.0,0.7000000000000001,0.7000000000000001,0.7000000000000001,0.0,3,0
871,200,0,22.849999999999973,0,0.0,0.0,0.0,0.0,0.6071428571428571,0.0,0.7000000000000001,0.7000000000000002,0.7000000000000001,1.2368454925609613e-32,3,4
872,200,0,25.6,0,0.0,0.0,0.0,0.0,0.6086956521739131,0.0,0.7000000000000001,0.7000000000000001,0.7000000000000001,0.0,3,3
873,200,0,43.04999999999998,0,0.0,0.0,0.0,0.0,0.4285714285714286,0.0,0.7000000000000001,0.7,0.7000000000000001,1.2351209741709617e-32,2,5
874,200,0,23.5,0,0.0,0.0,0.0,0.0,0.675,0.0,0.7000000000000001,0.7,0.7000000000000001,1.2375255450654623e-32,3,2
875,200,0,42.59999999999996,0,0.0,0.0,0.0,0.0,0.47164948453608246,0.0,0.7000000000000001,0.7,0.7000000000000001,1.2352177073108264e-32,2,8
876,200,0,38.624999999999986,0,0.0,0.0,0.0,0.0,0.44318181818181823,0.0,0.7000000000000001,0.6999999999999998,0.7000000000000001,4.94098362678752e-32,2,4
877,200,0,23.449999999999978,0,0.0,0.0,0.0,0.0,0.5603448275862069,0.0,0.7000000000000001,0.7000000000000001,0.7000000000000001,0.0,3,3
878,200,0,18.499999999999964,0,0.0,0.0,0.0,0.0,0.6071428571428571,0.0,0.7000000000000001,0.7000000000000001,0.7000000000000001,0.0,3,4
879,200,0,24.875,0,0.0,0.0,0.0,0.0,0.6904761904761905,0.0,0.7000000000000001,0.7,0.7000000000000001,1.2375255450654623e-32,3,2
880,200,0,23.925,0,0.0,0.0,0.0,0.0,0.7371794871794872,0.0,0.7000000000000001,0.6999999999999998,0.7000000000000001,4.951632298396976e-32,3,1
881,200,0,31.55,0,0.0,0.0,0.0,0.0,0.461864406779661,0.0,0.7000000000000001,0.7000000000000002,0.7000000000000001,1.2360478119271806e-32,3,7
882,200,0,26.775000000000002,0,0.0,0.0,0.0,0.0,0.5384615384615384,0.0,0.7000000000000001,0.7000000000000001,0.7000000000000001,0.0,3,2
883,200,0,25.424999999999997,0,1.0,1.0,0.0,0.0,0.6453488372093024,0.0,0.7000000000000001,0.6999999999999998,0.7000000000000001,4.949715483739682e-32,3,2
884,200,0,35.49999999999999,0,0.0,0.0,0.0,0.0,0.41666666666666663,0.0,0.7000000000000001,0.7,0.7000000000000001,1.2353965170542123e-32,3,12
885,200,0,35.625,0,0.0,0.0,0.0,0.0,0.41901408450704225,0.0,0.7000000000000001,0.7,0.7000000000000001,1.2354222175372066e-32,3,3
886,200,0,26.6,0,0.0,0.0,0.0,0.0,0.601063829787234,0.0,0.7000000000000001,0.7000000000000002,0.7000000000000001,1.2369200597215426e-32,3,1
887,68,0,4.9499999999999975,0,0.0,0.0,0.0,0.0,0,0.0,0.7000000000000001,0.7000000000000002,0.7000000000000001,1.2449211160519093e-32,4,2
888,200,0,25.675,0,0.0,0.0,0.0,0.0,0.6818181818181818,0.0,0.7000000000000001,0.6999999999999998,0.7000000000000001,4.949715483739682e-32,3,1
889,200,0,50.3,0,0.0,0.0,0.0,0.0,0.43981481481481477,0.0,0.7000000000000001,0.7,0.7000000000000001,1.2350311232307713e-32,2,9
890,200,0,24.65,0,0.0,0.0,0.0,0.0,0.7023809523809523,0.0,0.7000000000000001,0.7,0.7000000000000001,1.2375255450654623e-32,3,1
891,200,0,25.9,0,0.0,0.0,0.0,0.0,0.6277777777777778,0.0,0.7000000000000001,0.7000000000000001,0.7000000000000001,0.0,3,2
892,200,0,24.075,0,0.0,0.0,0.0,0.0,0.676829268292683,0.0,0.7000000000000001,0.7,0.7000000000000001,1.2375255450654623e-32,3,1
893,200,0,21.349999999999987,0,0.0,0.0,0.0,0.0,0.6739130434782609,0.0,0.7000000000000001,0.6999999999999998,0.7000000000000001,4.949715483739682e-32,3,3
894,200,0,42.999999999999986,0,0.0,0.0,0.0,0.0,0.31999999999999995,0.0,0.7000000000000001,0.7000000000000001,0.7000000000000001,0.0,2,8
895,200,0,25.450000000000003,0,0.0,0.0,0.0,0.0,0.6590909090909091,0.0,0.7000000000000001,0.7000000000000001,0.7000000000000001,0.0,3,1
896,200,0,27.175,0,0.0,0.0,0.0,0.0,0.57,0.0,0.7000000000000001,0.7000000000000001,0.7000000000000001,0.0,3,1
897,200,0,25.224999999999998,0,0.0,0.0,0.0,0.0,0.6055555555555555,0.0,0.7000000000000001,0.7000000000000001,0.7000000000000001,0.0,3,3
898,200,0,29.424999999999997,0,0.0,0.0,0.0,0.0,0.48684210526315785,0.0,0.7000000000000001,0.7000000000000002,0.7000000000000001,1.2361679040148102e-32,3,3
899,200,0,28.225,0,0.0,0.0,0.0,0.0,0.4444444444444444,0.0,0.7000000000000001,0.7000000000000001,0.7000000000000001,0.0,3,1
900,200,0,26.425,0,0.0,0.0,0.0,0.0,0.6055555555555555,0.0,0.7000000000000001,0.7000000000000001,0.7000000000000001,0.0,3,2
901,200,0,31.799999999999997,0,0.0,0.0,0.0,0.0,0.5078125,0.0,0.7000000000000001,0.7000000000000001,0.7000000000000001,0.0,3,1
902,200,0,25.75,0,0.0,0.0,0.0,0.0,0.6166666666666667,0.0,0.7000000000000001,0.7000000000000001,0.7000000000000001,0.0,3,3
903,200,0,31.950000000000003,0,1.0,1.0,0.0,0.0,0.4423076923076923,0.0,0.7000000000000001,0.7,0.7000000000000001,1.2357884161290948e-32,3,5
904,200,0,28.95,0,0.0,0.0,0.0,0.0,0.5,0.0,0.7000000000000001,0.7000000000000001,0.7000000000000001,0.0,3,3
905,200,0,18.57499999999998,0,0.0,0.0,0.0,0.0,0.7083333333333334,0.0,0.7000000000000001,0.7,0.7000000000000001,1.2376467839340925e-32,3,2
906,200,0,26.75,0,0.0,0.0,0.0,0.0,0.5051020408163265,0.0,0.7000000000000001,0.7000000000000001,0.7000000000000001,0.0,3,3
907,200,0,38.1,0,0.0,0.0,0.0,0.0,0.5162337662337663,0.0,0.7000000000000001,0.6999999999999998,0.7000000000000001,4.942036403866858e-32,2,5
908,200,0,23.824999999999996,0,0.0,0.0,0.0,0.0,0.7125,0.0,0.7000000000000001,0.7,0.7000000000000001,1.2376467839340925e-32,3,1
909,200,0,25.700000000000003,0,0.0,0.0,0.0,0.0,0.53,0.0,0.7000000000000001,0.7000000000000002,0.7000000000000001,1.2365712778414045e-32,3,5
910,200,0,26.97499999999997,0,0.0,0.0,0.0,0.0,0.4833333333333333,0.0,0.7000000000000001,0.7,0.7000000000000001,1.2354683466092478e-32,2,2
911,200,0,30.8,0,0.0,0.0,0.0,0.0,0.4296875,0.0,0.7000000000000001,0.7000000000000001,0.7000000000000001,0.0,3,4
912,200,0,26.225000000000005,0,0.0,0.0,0.0,0.0,0.4575471698113207,0.0,0.7000000000000001,0.7000000000000002,0.7000000000000001,1.2362855690916867e-32,3,5
913,200,0,19.900000000000002,0,0.0,0.0,0.0,0.0,0.6442307692307693,0.0,0.7000000000000001,0.7000000000000001,0.7000000000000001,0.0,3,1
914,200,0,23.075,0,0.0,0.0,0.0,0.0,0.7243589743589743,0.0,0.7000000000000001,0.7000000000000001,0.7000000000000001,0.0,3,2
915,200,0,27.075000000000003,0,0.0,0.0,0.0,0.0,0.5288461538461539,0.0,0.7000000000000001,0.7000000000000001,0.7000000000000001,0.0,3,4
916,200,0,26.450000000000003,0,0.0,0.0,0.0,0.0,0.553921568627451,0.0,0.7000000000000001,0.7000000000000002,0.7000000000000001,1.2365081649297606e-32,3,4
917,200,0,35.64999999999999,0,0.0,0.0,0.0,0.0,0.41216216216216217,0.0,0.7000000000000001,0.7,0.7000000000000001,1.2353526479971103e-32,3,3
918,200,0,39.774999999999984,0,0.0,0.0,0.0,0.0,0.3214285714285714,0.0,0.7000000000000001,0.7,0.7000000000000001,1.234951942924863e-32,3,5
919,200,0,24.675,0,0.0,0.0,0.0,0.0,0.601063829787234,0.0,0.7000000000000001,0.7000000000000001,0.7000000000000001,0.0,3,6
920,200,0,23.375,0,0.0,0.0,0.0,0.0,0.6136363636363636,0.0,0.7000000000000001,0.7000000000000001,0.7000000000000001,0.0,3,3
921,200,0,28.05,0,0.0,0.0,0.0,0.0,0.5047169811320755,0.0,0.7000000000000001,0.7000000000000001,0.7000000000000001,0.0,3,9
922,200,0,26.150000000000002,0,0.0,0.0,0.0,0.0,0.5459183673469388,0.0,0.7000000000000001,0.7000000000000001,0.7000000000000001,0.0,3,2
923,200,0,25.0,0,0.0,0.0,0.0,0.0,0.5978260869565217,0.0,0.7000000000000001,0.7000000000000002,0.7000000000000001,1.2369200597215426e-32,3,3
924,200,0,40.29999999999998,0,0.0,0.0,0.0,0.0,0.5316091954022989,0.0,0.7000000000000001,0.6999999999999998,0.7000000000000001,4.942036403866858e-32,2,4
925,200,0,41.94999999999997,0,0.0,0.0,0.0,0.0,0.44999999999999996,0.0,0.7000000000000001,0.7,0.7000000000000001,1.2352177073108264e-32,2,3
926,200,0,32.5,0,0.0,0.0,0.0,0.0,0.4833333333333333,0.0,0.7000000000000001,0.7000000000000001,0.7000000000000001,0.0,3,3
927,200,0,25.325,0,0.0,0.0,0.0,0.0,0.6704545454545454,0.0,0.7000000000000001,0.7000000000000001,0.7000000000000001,0.0,3,3
928,200,0,20.49999999999997,0,0.0,0.0,0.0,0.0,0.5722222222222222,0.0,0.7000000000000001,0.7000000000000001,0.7000000000000001,0.0,3,3
929,200,0,33.324999999999996,0,0.0,0.0,0.0,0.0,0.4696969696969697,0.0,0.7000000000000001,0.7,0.7000000000000001,1.2356843753461964e-32,3,5
930,200,0,23.775000000000002,0,0.0,0.0,0.0,0.0,0.6569767441860465,0.0,0.7000000000000001,0.7000000000000001,0.7000000000000001,0.0,3,4
931,200,0,32.699999999999996,0,0.0,0.0,0.0,0.0,0.461864406779661,0.0,0.7000000000000001,0.7000000000000001,0.7000000000000001,0.0,3,12
932,200,0,28.225,0,0.0,0.0,0.0,0.0,0.4285714285714286,0.0,0.7000000000000001,0.7000000000000001,0.7000000000000001,0.0,3,3
933,200,0,44.27499999999998,0,0.0,0.0,0.0,0.0,0.3688118811881188,0.0,0.7000000000000001,0.6999999999999998,0.7000000000000001,4.939771858883955e-32,2,8
934,200,0,27.500000000000004,0,0.0,0.0,0.0,0.0,0.5735294117647058,0.0,0.7000000000000001,0.7000000000000001,0.7000000000000001,0.0,3,5
935,200,0,33.14999999999998,0,0.0,0.0,0.0,0.0,0.37790697674418605,0.0,0.7000000000000001,0.7,0.7000000000000001,1.2351209741709617e-32,2,7
936,200,0,33.55,0,0.0,0.0,0.0,0.0,0.5,0.0,0.7000000000000001,0.7000000000000001,0.7000000000000001,0.0,3,2
937,200,0,39.17499999999997,0,0.0,0.0,0.0,0.0,0.4767441860465116,0.0,0.7000000000000001,0.6999999999999998,0.7000000000000001,4.941264500142651e-32,2,6
938,200,0,26.6,0,0.0,0.0,0.0,0.0,0.6195652173913043,0.0,0.7000000000000001,0.7000000000000001,0.7000000000000001,0.0,3,3
939,200,0,30.05,0,0.0,0.0,0.0,0.0,0.5045454545454545,0.0,0.7000000000000001,0.7000000000000001,0.7000000000000001,0.0,3,3
940,200,0,49.27499999999998,0,0.0,0.0,0.0,0.0,0.3621495327102804,0.0,0.7000000000000001,0.7000000000000001,0.7000000000000001,0.0,2,15
941,80,0,9.274999999999999,0,0.0,0.0,0.0,0.0,0,0.0,0.7000000000000001,0.7000000000000001,0.7000000000000001,0.0,4,3
942,200,0,35.774999999999984,0,0.0,0.0,0.0,0.0,0.5031645569620253,0.0,0.7000000000000001,0.7,0.7000000000000001,1.2354683466092478e-32,2,1
943,200,0,24.625,0,0.0,0.0,0.0,0.0,0.6055555555555555,0.0,0.7000000000000001,0.7000000000000002,0.7000000000000001,1.2369972899950018e-32,3,2
944,200,0,29.575,0,0.0,0.0,0.0,0.0,0.4907407407407407,0.0,0.7000000000000001,0.7000000000000001,0.7000000000000001,0.0,3,3
945,200,0,33.875,0,0.0,0.0,0.0,0.0,0.44402985074626866,0.0,0.7000000000000001,0.7000000000000001,0.7000000000000001,0.0,3,7
946,200,0,38.22499999999997,0,0.0,0.0,0.0,0.0,0.4941860465116279,0.0,0.7000000000000001,0.7,0.7000000000000001,1.2353901647806377e-32,2,1
947,200,0,40.62499999999998,0,0.0,0.0,0.0,0.0,0.4803370786516854,0.0,0.7000000000000001,0.6999999999999998,0.7000000000000001,4.941264500142651e-32,2,2
948,200,0,42.050000000000004,0,0.0,0.0,0.0,0.0,0.5088235294117647,0.0,0.7000000000000001,0.7,0.7000000000000001,1.2354287165099178e-32,2,3
949,200,0,29.124999999999968,0,0.0,0.0,0.0,0.0,0.47077922077922074,0.0,0.7000000000000001,0.7,0.7000000000000001,1.2353901647806377e-32,2,5
950,200,0,28.175,0,0.0,0.0,0.0,0.0,0.51,0.0,0.7000000000000001,0.7000000000000001,0.7000000000000001,0.0,3,3
951,200,0,25.525,0,0.0,0.0,0.0,0.0,0.6363636363636364,0.0,0.7000000000000001,0.7000000000000001,0.7000000000000001,0.0,3,1
952,200,0,35.774999999999984,0,0.0,0.0,0.0,0.0,0.30487804878048785,0.0,0.7000000000000001,0.6999999999999998,0.7000000000000001,4.940341022596236e-32,3,9
953,200,0,16.79999999999997,0,0.0,0.0,0.0,0.0,0.6578947368421053,0.0,0.7000000000000001,0.7,0.7000000000000001,1.2375255450654623e-32,3,3
954,200,0,26.85,0,0.0,0.0,0.0,0.0,0.5869565217391305,0.0,0.7000000000000001,0.7000000000000002,0.7000000000000001,1.2369972899950018e-32,3,2
955,200,0,32.3,0,1.0,1.0,0.0,0.0,0.4354838709677419,0.0,0.7000000000000001,0.7000000000000001,0.7000000000000001,0.0,3,6
956,200,0,45.224999999999966,0,0.0,0.0,0.0,0.0,0.46499999999999997,0.0,0.7000000000000001,0.7,0.7000000000000001,1.235179221356275e-32,2,4
957,200,0,27.025000000000002,0,0.0,0.0,0.0,0.0,0.6722222222222223,0.0,0.7000000000000001,0.7000000000000001,0.7000000000000001,0.0,3,2
958,200,0,25.05,0,0.0,0.0,0.0,0.0,0.6666666666666666,0.0,0.7000000000000001,0.7,0.7000000000000001,1.2375255450654623e-32,3,1
959,200,0,42.09999999999998,0,0.0,0.0,0.0,0.0,0.40053763440860213,0.0,0.7000000000000001,0.7,0.7000000000000001,1.2350311232307713e-32,2,6
960,200,0,15.89999999999996,0,0.0,0.0,0.0,0.0,0.6959459459459459,0.0,0.7000000000000001,0.7,0.7000000000000001,1.237667572491814e-32,3,1
961,200,0,26.375,0,0.0,0.0,0.0,0.0,0.5625,0.0,0.7000000000000001,0.7000000000000001,0.7000000000000001,0.0,3,3
962,200,0,39.57499999999998,0,0.0,0.0,0.0,0.0,0.514367816091954,0.0,0.7000000000000001,0.7,0.7000000000000001,1.2354683466092478e-32,2,9
963,200,0,23.074999999999985,0,0.0,0.0,0.0,0.0,0.6127450980392157,0.0,0.7000000000000001,0.7000000000000002,0.7000000000000001,1.2369200597215426e-32,3,5
964,200,0,25.474999999999998,0,0.0,0.0,0.0,0.0,0.5944444444444444,0.0,0.7000000000000001,0.7000000000000002,0.7000000000000001,1.2371101650100574e-32,3,2
965,200,0,44.14999999999998,0,0.0,0.0,0.0,0.0,0.36734693877551017,0.0,0.7000000000000001,0.6999999999999998,0.7000000000000001,4.939771858883955e-32,2,4
966,200,0,46.549999999999976,0,0.0,0.0,0.0,0.0,0.37857142857142856,0.0,0.7000000000000001,0.7000000000000001,0.7000000000000001,0.0,2,9
967,200,0,44.82499999999998,0,0.0,0.0,0.0,0.0,0.38592233009708743,0.0,0.7000000000000001,0.7,0.7000000000000001,1.2349978840265597e-32,2,6
968,200,0,31.625000000000004,0,0.0,0.0,0.0,0.0,0.421875,0.0,0.7000000000000001,0.7000000000000001,0.7000000000000001,0.0,3,3
969,200,0,30.874999999999986,0,0.0,0.0,0.0,0.0,0.46641791044776115,0.0,0.7000000000000001,0.7,0.7000000000000001,1.2355941794063903e-32,3,9
970,200,0,24.525,0,0.0,0.0,0.0,0.0,0.625,0.0,0.7000000000000001,0.7000000000000001,0.7000000000000001,0.0,3,4
971,200,0,23.425,0,0.0,0.0,0.0,0.0,0.7,0.0,0.7000000000000001,0.7,0.7000000000000001,1.2376467839340925e-32,3,2
972,200,0,28.5,0,0.0,0.0,0.0,0.0,0.589622641509434,0.0,0.7000000000000001,0.7000000000000001,0.7000000000000001,0.0,3,2
973,200,0,24.725,0,0.0,0.0,0.0,0.0,0.7,0.0,0.7000000000000001,0.7,0.7000000000000001,1.2376467839340925e-32,3,1
974,200,0,29.149999999999977,0,0.0,0.0,0.0,0.0,0.41891891891891897,0.0,0.7000000000000001,0.7,0.7000000000000001,1.2353965170542123e-32,3,4
975,200,0,25.099999999999998,0,0.0,0.0,0.0,0.0,0.6477272727272727,0.0,0.7000000000000001,0.7000000000000001,0.7000000000000001,0.0,3,2
976,200,0,25.425000000000004,0,0.0,0.0,0.0,0.0,0.6055555555555555,0.0,0.7000000000000001,0.7000000000000002,0.7000000000000001,1.2369972899950018e-32,3,4
977,200,0,23.85,0,0.0,0.0,0.0,0.0,0.6136363636363636,0.0,0.7000000000000001,0.7000000000000001,0.7000000000000001,0.0,3,2
978,200,0,27.475,0,0.0,0.0,0.0,0.0,0.5729166666666666,0.0,0.7000000000000001,0.7000000000000002,0.7000000000000001,1.2369200597215426e-32,3,2
979,200,0,24.4,0,0.0,0.0,0.0,0.0,0.5904255319148937,0.0,0.7000000000000001,0.7000000000000001,0.7000000000000001,0.0,3,2
980,200,0,25.875,0,0.0,0.0,0.0,0.0,0.6363636363636364,0.0,0.7000000000000001,0.7000000000000001,0.7000000000000001,0.0,3,1
981,200,0,24.325,0,0.0,0.0,0.0,0.0,0.6904761904761905,0.0,0.7000000000000001,0.7,0.7000000000000001,1.2375255450654623e-32,3,1
982,200,0,23.525000000000002,0,0.0,0.0,0.0,0.0,0.6666666666666666,0.0,0.7000000000000001,0.7000000000000001,0.7000000000000001,0.0,3,3
983,200,0,26.875,0,0.0,0.0,0.0,0.0,0.6521739130434783,0.0,0.7000000000000001,0.7000000000000001,0.7000000000000001,0.0,3,1
984,200,0,27.025000000000002,0,0.0,0.0,0.0,0.0,0.47549019607843135,0.0,0.7000000000000001,0.7000000000000001,0.7000000000000001,0.0,3,2
985,200,0,41.025000000000006,0,0.0,0.0,0.0,0.0,0.5,0.0,0.7000000000000001,0.7,0.7000000000000001,1.2354287165099178e-32,2,8
986,200,0,40.374999999999986,0,0.0,0.0,0.0,0.0,0.47413793103448276,0.0,0.7000000000000001,0.7,0.7000000000000001,1.2352805569228806e-32,2,6
987,200,0,42.37499999999998,0,0.0,0.0,0.0,0.0,0.3844086021505376,0.0,0.7000000000000001,0.7,0.7000000000000001,1.2349978840265597e-32,2,4
988,200,0,28.675,0,0.0,0.0,0.0,0.0,0.55,0.0,0.7000000000000001,0.7000000000000001,0.7000000000000001,0.0,3,3
989,200,0,41.22499999999998,0,0.0,0.0,0.0,0.0,0.47282608695652173,0.0,0.7000000000000001,0.7,0.7000000000000001,1.2352864202253152e-32,2,6
990,200,0,28.025,0,0.0,0.0,0.0,0.0,0.5277777777777778,0.0,0.7000000000000001,0.7000000000000002,0.7000000000000001,1.2362966513880347e-32,3,10
991,200,0,24.099999999999998,0,0.0,0.0,0.0,0.0,0.6428571428571429,0.0,0.7000000000000001,0.7,0.7000000000000001,1.237409989268799e-32,3,1
992,200,0,32.2,0,0.0,0.0,0.0,0.0,0.3768656716417911,0.0,0.7000000000000001,0.7000000000000001,0.7000000000000001,0.0,3,9
993,200,0,27.275,0,0.0,0.0,0.0,0.0,0.6117021276595744,0.0,0.7000000000000001,0.7000000000000002,0.7000000000000001,1.2369972899950018e-32,3,2
994,200,0,25.225,0,0.0,0.0,0.0,0.0,0.6363636363636364,0.0,0.7000000000000001,0.7000000000000001,0.7000000000000001,0.0,3,2
995,200,0,40.849999999999994,0,0.0,0.0,0.0,0.0,0.5304878048780488,0.0,0.7000000000000001,0.7000000000000001,0.7000000000000001,0.0,2,8
996,200,0,25.35,0,0.0,0.0,0.0,0.0,0.6329787234042553,0.0,0.7000000000000001,0.7000000000000001,0.7000000000000001,0.0,3,3
997,200,0,35.79999999999999,0,0.0,0.0,0.0,0.0,0.3918918918918919,0.0,0.7000000000000001,0.6999999999999998,0.7000000000000001,4.941264500142651e-32,3,7
998,200,0,22.45,0,0.0,0.0,0.0,0.0,0.7364864864864865,0.0,0.7000000000000001,0.6999999999999998,0.7000000000000001,4.951632298396976e-32,3,1
999,200,0,24.95,0,0.0,0.0,0.0,0.0,0.6785714285714286,0.0,0.7000000000000001,0.7,0.7000000000000001,1.237545345790995e-32,3,1
1000,200,0,42.424999999999976,0,0.0,0.0,0.0,0.0,0.5,0.0,0.7000000000000001,0.6999999999999998,0.7000000000000001,4.941264500142651e-32,2,7
