,agent_id,episode,day,berries,berries_consumed,berries_thrown,health,days_left_to_live,action,reward,num_norms,total_berries
28,0,1,16,2,3,0,1.0999999999999996,22,0,-0.4,7,5
29,1,1,16,1,1,0,0.0,5,0,-1.0,7,2
116,0,2,44,1,8,1,1.1999999999999995,17,1,0.8,17,9
117,1,2,44,1,6,0,0.0,5,0,-1.0,13,7
134,0,3,9,0,1,0,0.5000000000000001,5,1,0.8,4,1
135,1,3,9,0,0,0,0.0,0,2,-1.1,5,0
151,1,4,8,0,0,0,1.3877787807814454e-16,0,0,0.0,3,0
152,0,4,9,0,0,0,0.0,0,2,-1.1,5,0
204,1,5,26,0,4,0,0.6000000000000006,6,1,0.8,8,4
205,0,5,27,1,3,0,0.0,5,0,-0.1999999999999999,6,4
234,0,6,15,1,2,0,0.5000000000000002,11,1,0.8,6,3
235,1,6,15,1,1,0,0.0,5,0,-0.1999999999999999,8,2
334,0,7,50,0,9,2,1.1999999999999988,11,0,1.0,15,9
335,1,7,50,0,11,0,2.3999999999999986,23,0,1.0,16,11
364,0,8,15,1,2,0,0.5000000000000002,11,0,0.0,6,3
365,1,8,15,1,1,0,0.0,5,0,-0.1999999999999999,4,2
430,0,9,33,2,5,0,0.5000000000000008,17,0,0.0,7,7
431,1,9,33,0,4,0,0.0,0,2,-1.1,10,4
494,0,10,32,2,6,1,1.1999999999999993,23,0,0.8,12,8
495,1,10,32,1,4,2,0.0,5,0,-1.0,14,5
524,0,11,15,0,3,0,1.1,11,0,0.0,8,3
525,1,11,15,1,1,0,0.0,5,0,-0.1999999999999999,5,2
578,0,12,27,0,4,1,0.5000000000000006,5,2,-0.1,11,4
579,1,12,27,1,3,0,0.0,5,0,-1.0,10,4
632,0,13,27,2,4,0,0.5000000000000006,17,0,0.0,9,6
633,1,13,27,0,3,0,0.0,0,2,-1.1,10,3
649,1,14,8,0,1,0,0.6000000000000001,6,0,0.0,4,1
650,0,14,9,2,0,0,0.0,11,2,-1.1,5,2
726,1,15,38,0,9,0,2.399999999999998,23,1,0.8,11,9
727,0,15,39,0,5,2,0.0,0,0,-1.0,11,5
756,0,16,15,0,2,0,0.5000000000000003,5,0,0.0,6,2
757,1,16,15,0,1,0,0.0,0,0,-1.0,6,1
786,0,17,15,1,2,0,0.5000000000000001,11,0,-0.4,7,3
787,1,17,15,0,1,0,0.0,0,2,-1.1,9,1
886,0,18,50,0,10,2,1.7999999999999972,17,1,1.4,9,10
887,1,18,50,1,11,0,2.399999999999997,29,0,1.8,10,12
916,0,19,15,1,4,0,1.6999999999999993,22,0,-0.4,8,5
917,1,19,15,1,1,1,0.0,5,0,-1.0,6,2
970,0,20,27,3,4,0,0.4999999999999998,22,0,0.0,8,7
971,1,20,27,0,3,0,0.0,0,2,-1.1,6,3
1000,0,21,15,2,2,0,0.5000000000000001,17,0,-0.4,7,4
1001,1,21,15,1,1,0,0.0,5,0,-1.0,7,2
1078,0,22,39,0,8,0,1.7000000000000002,17,0,0.0,14,8
1079,1,22,39,1,5,0,0.0,5,2,-1.1,10,6
1132,0,23,27,1,4,0,0.5000000000000004,11,0,-0.4,9,5
1133,1,23,27,0,3,0,0.0,0,2,-1.1,9,3
1198,0,24,33,1,5,0,0.5000000000000007,11,0,-0.4,9,6
1199,1,24,33,0,4,0,0.0,0,2,-1.1,8,4
1240,0,25,21,2,4,0,1.0999999999999992,22,0,0.0,11,6
1241,1,25,21,0,2,1,0.0,0,2,-1.1,12,2
1340,0,26,50,1,12,0,2.9999999999999973,35,1,1.8,15,13
1341,1,26,50,1,8,0,0.6000000000000004,12,0,0.6,16,9
1358,0,27,9,1,1,0,0.5000000000000002,11,0,0.0,5,2
1359,1,27,9,0,0,0,0.0,0,2,-1.1,4,0
1388,0,28,15,1,3,0,1.0999999999999996,16,0,-0.4,8,4
1389,1,28,15,1,1,0,0.0,5,0,-1.0,6,2
1488,0,29,50,0,9,2,1.1999999999999993,11,0,1.0,10,9
1489,1,29,50,0,11,0,2.399999999999997,23,0,1.0,13,11
1588,0,30,50,2,9,1,1.1999999999999993,23,0,1.0,16,11
1589,1,30,50,1,7,2,2.775557561562892e-17,5,0,1.8,16,8
1630,0,31,21,2,3,0,0.5000000000000004,17,0,-0.4,8,5
1631,1,31,21,0,2,0,0.0,0,2,-1.1,8,2
1648,0,32,9,1,1,0,0.5000000000000001,11,0,0.0,4,2
1649,1,32,9,1,0,0,0.0,5,2,-1.1,5,1
1690,0,33,21,1,4,0,1.1,17,0,0.8,8,5
1691,1,33,21,0,2,0,0.0,0,2,-1.1,9,2
1708,0,34,9,1,2,0,1.1,16,0,-0.4,4,3
1709,1,34,9,1,0,0,0.0,5,0,-1.0,5,1
1726,0,35,9,2,1,0,0.5000000000000001,17,0,-0.4,5,3
1727,1,35,9,1,0,0,0.0,5,0,-1.0,6,1
1756,0,36,15,1,2,0,0.5000000000000003,11,0,0.0,4,3
1757,1,36,15,0,1,0,0.0,0,2,-1.1,7,1
1856,0,37,50,1,10,3,1.7999999999999976,23,0,1.8,14,11
1857,1,37,50,1,11,1,2.3999999999999977,29,0,1.8,17,12
1956,0,38,50,1,10,2,1.7999999999999985,23,0,1.8,14,11
1957,1,38,50,0,12,0,2.9999999999999973,29,1,1.8,13,12
2034,0,39,39,1,6,0,0.5000000000000008,11,0,-0.4,12,7
2035,1,39,39,0,5,0,0.0,0,2,-1.1,15,5
2064,0,40,15,2,3,0,1.0999999999999994,22,0,1.2000000000000002,7,5
2065,1,40,15,1,1,0,0.0,5,0,-1.0,5,2
2164,0,41,50,2,11,0,2.3999999999999977,35,0,1.0,16,13
2165,1,41,50,0,8,1,0.5999999999999993,5,1,1.8,18,8
2264,0,42,50,1,10,1,1.799999999999998,23,0,1.8,14,11
2265,1,42,50,0,11,0,2.399999999999998,23,0,1.0,13,11
2364,0,43,50,0,9,1,1.2000000000000004,12,1,1.4,12,9
2365,1,43,50,1,9,0,1.199999999999997,17,0,1.8,9,10
2406,0,44,21,2,3,0,0.5000000000000006,17,0,-0.4,8,5
2407,1,44,21,1,2,0,0.0,5,0,-0.1999999999999999,7,3
2458,0,45,26,1,6,1,1.7999999999999994,23,0,-0.4,13,7
2459,1,45,26,1,3,2,0.0,5,0,-1.0,10,4
2535,1,46,38,1,7,0,1.1999999999999984,17,0,0.0,11,8
2536,0,46,39,1,5,2,0.0,5,0,-0.1999999999999999,13,6
2588,1,47,26,1,5,0,1.1999999999999995,17,0,0.0,11,6
2589,0,47,27,1,3,1,0.0,5,0,-0.1999999999999999,10,4
2666,0,48,39,2,6,0,0.5000000000000008,17,0,0.0,9,8
2667,1,48,39,0,5,0,0.0,0,2,-1.1,9,5
2766,0,49,50,1,12,0,2.9999999999999982,35,0,1.0,17,13
2767,1,49,50,0,8,1,0.6000000000000002,6,1,1.8,21,8
2796,0,50,15,1,2,0,0.5000000000000003,11,0,-0.4,9,3
2797,1,50,15,1,1,0,0.0,5,0,-0.1999999999999999,5,2
2874,0,51,39,4,8,0,1.6999999999999988,40,0,0.0,18,12
2875,1,51,39,0,5,1,0.0,0,1,-1.1,14,5
2904,0,52,15,2,3,0,1.0999999999999996,22,0,1.2000000000000002,8,5
2905,1,52,15,1,1,1,0.0,5,0,-1.0,7,2
2970,0,53,33,0,8,0,2.299999999999999,22,1,0.8,9,8
2971,1,53,33,1,4,0,0.0,5,0,-1.0,11,5
2988,0,54,9,2,1,0,0.5000000000000001,17,1,0.8,5,3
2989,1,54,9,0,0,0,0.0,0,2,-1.1,3,0
3006,0,55,9,2,1,0,0.5000000000000002,17,0,1.2000000000000002,6,3
3007,1,55,9,1,0,0,0.0,5,0,-1.0,6,1
3106,0,56,50,0,9,1,1.1999999999999993,11,0,1.0,14,9
3107,1,56,50,0,11,0,2.399999999999997,23,0,1.0,14,11
3124,0,57,9,1,2,0,1.0999999999999996,16,0,-0.4,6,3
3125,1,57,9,0,0,1,0.0,0,2,-1.1,5,0
3190,0,58,33,1,5,0,0.5000000000000007,11,0,0.8,11,6
3191,1,58,33,1,4,0,0.0,5,0,-1.0,15,5
3244,0,59,27,1,4,1,0.5000000000000002,11,0,-0.4,9,5
3245,1,59,27,1,3,0,0.0,5,0,-0.1999999999999999,8,4
3298,0,60,27,1,5,0,1.1,17,0,-0.4,10,6
3299,1,60,27,0,3,0,0.0,0,0,-1.0,6,3
3340,0,61,21,2,4,0,1.0999999999999994,22,0,1.2000000000000002,10,6
3341,1,61,21,1,2,1,0.0,5,0,-1.0,10,3
3382,0,62,21,1,4,0,1.0999999999999996,16,0,-0.4,10,5
3383,1,62,21,1,2,0,0.0,5,0,-1.0,7,3
3424,0,63,21,1,3,0,0.5000000000000002,11,1,0.8,10,4
3425,1,63,21,1,2,0,0.0,5,0,-0.1999999999999999,8,3
3442,0,64,9,0,1,0,0.5000000000000001,5,0,0.0,4,1
3443,1,64,9,1,0,0,0.0,5,0,-0.1999999999999999,4,1
3484,0,65,21,1,3,0,0.5000000000000003,11,1,0.8,9,4
3485,1,65,21,0,2,0,0.0,0,2,-1.1,12,2
3502,0,66,9,2,1,0,0.5000000000000001,17,0,1.2000000000000002,4,3
3503,1,66,9,1,0,0,0.0,5,0,-0.1999999999999999,3,1
3544,0,67,21,0,4,0,1.1,11,0,0.0,12,4
3545,1,67,21,1,2,0,0.0,5,0,-1.0,8,3
3586,0,68,21,1,3,0,0.5000000000000003,11,1,0.8,8,4
3587,1,68,21,0,2,0,0.0,0,2,-1.1,9,2
3604,0,69,9,1,2,0,1.0999999999999996,16,0,0.0,6,3
3605,1,69,9,1,0,0,0.0,5,0,-1.0,4,1
3646,0,70,21,0,4,0,1.1,11,0,0.0,9,4
3647,1,70,21,1,2,0,0.0,5,0,-1.0,8,3
3664,0,71,9,0,2,0,1.1,10,0,0.0,6,2
3665,1,71,9,1,0,0,0.0,5,0,-1.0,5,1
3682,0,72,9,2,1,0,0.5000000000000001,17,0,-0.4,4,3
3683,1,72,9,0,0,0,0.0,0,2,-1.1,3,0
3700,0,73,9,2,1,0,0.5000000000000001,17,0,0.8,4,3
3701,1,73,9,0,0,0,0.0,0,2,-1.1,3,0
3800,0,74,50,0,9,2,1.1999999999999995,11,0,1.0,14,9
3801,1,74,50,0,11,0,2.399999999999998,23,0,1.0,18,11
3900,0,75,50,0,10,3,1.799999999999999,17,2,1.1,14,10
3901,1,75,50,0,12,1,2.999999999999998,29,0,1.0,20,12
3930,0,76,15,1,2,0,0.5000000000000003,11,0,0.0,6,3
3931,1,76,15,0,1,0,0.0,0,0,-1.0,5,1
3972,0,77,21,0,5,0,1.6999999999999995,16,1,0.8,8,5
3973,1,77,21,0,2,0,0.0,0,2,-1.1,9,2
3990,0,78,9,1,1,0,0.5000000000000002,11,0,-0.4,5,2
3991,1,78,9,0,0,0,0.0,0,2,-1.1,3,0
4032,0,79,21,1,4,0,1.1,16,0,-0.4,8,5
4033,1,79,21,1,2,0,0.0,5,0,-1.0,9,3
4062,0,80,15,1,3,0,1.0999999999999996,16,0,0.0,6,4
4063,1,80,15,1,1,0,0.0,5,0,-1.0,6,2
4092,0,81,15,0,2,0,0.5000000000000002,5,1,0.8,10,2
4093,1,81,15,1,1,0,0.0,5,0,-0.1999999999999999,5,2
4192,0,82,50,0,10,1,1.7999999999999972,17,0,1.0,13,10
4193,1,82,50,0,11,1,2.399999999999998,23,1,1.8,14,11
4209,1,83,8,0,1,0,0.6000000000000001,6,0,0.0,4,1
4210,0,83,9,2,0,0,0.0,11,0,-1.0,5,2
4227,0,84,9,1,1,0,0.5000000000000002,11,0,0.0,4,2
4228,1,84,9,1,0,0,0.0,5,0,-0.1999999999999999,4,1
4327,0,85,50,0,8,2,0.6000000000000002,6,1,1.8,18,8
4328,1,85,50,0,8,0,0.5999999999999998,5,0,1.0,13,8
4357,0,86,15,2,2,0,0.5000000000000001,17,0,0.0,6,4
4358,1,86,15,1,1,0,0.0,5,0,-0.1999999999999999,5,2
4399,0,87,21,1,4,0,1.0999999999999996,16,0,0.8,12,5
4400,1,87,21,1,2,0,0.0,5,0,-1.0,10,3
4429,0,88,15,1,2,0,0.5000000000000003,11,0,0.0,5,3
4430,1,88,15,1,1,0,0.0,5,0,-0.1999999999999999,5,2
4459,0,89,15,0,3,1,1.0999999999999996,10,2,0.0999999999999999,8,3
4460,1,89,15,1,2,0,0.6,11,0,-0.1999999999999999,6,3
4489,0,90,15,2,3,0,1.0999999999999996,22,0,1.2000000000000002,7,5
4490,1,90,15,1,1,0,0.0,5,0,-0.1999999999999999,5,2
4589,0,91,50,2,11,1,2.399999999999997,35,0,1.0,17,13
4590,1,91,50,0,8,2,0.6000000000000002,6,1,1.8,15,8
4689,0,92,50,0,9,2,1.1999999999999993,11,0,1.0,13,9
4690,1,92,50,0,11,0,2.3999999999999986,23,2,0.9,16,11
4707,0,93,9,1,2,0,1.1,16,0,-0.4,6,3
4708,1,93,9,1,0,0,0.0,5,0,-1.0,5,1
4737,0,94,15,1,2,0,0.5000000000000003,11,0,-0.4,5,3
4738,1,94,15,0,1,0,0.0,0,0,-1.0,5,1
4754,1,95,8,1,0,0,1.3877787807814454e-16,6,0,0.8,3,1
4755,0,95,9,2,0,0,0.0,11,0,-0.1999999999999999,4,2
4784,0,96,15,0,3,0,1.0999999999999996,10,0,0.0,7,3
4785,1,96,15,1,1,0,0.0,5,2,-1.1,6,2
4826,0,97,21,2,3,0,0.5000000000000006,17,0,0.0,8,5
4827,1,97,21,0,2,0,0.0,0,2,-1.1,8,2
4868,0,98,21,0,4,0,1.1,11,0,0.0,7,4
4869,1,98,21,1,2,0,0.0,5,2,-1.1,9,3
4885,1,99,8,0,1,0,0.6000000000000001,6,0,0.0,4,1
4886,0,99,9,2,0,0,0.0,11,0,-0.1999999999999999,5,2
4985,0,100,50,1,10,1,1.7999999999999998,23,0,0.6,14,11
4986,1,100,50,1,7,2,0.0,5,0,0.0,9,8
5003,0,101,9,1,2,0,1.1,16,0,0.0,6,3
5004,1,101,9,1,0,0,0.0,5,0,-1.0,3,1
5103,0,102,50,0,8,4,0.5999999999999994,5,0,1.0,13,8
5104,1,102,50,0,10,2,1.799999999999998,17,0,1.0,12,10
5181,0,103,39,1,6,1,0.5000000000000006,11,0,0.0,11,7
5182,1,103,39,1,5,0,0.0,5,0,-1.0,11,6
5199,0,104,9,0,2,0,1.0999999999999996,10,0,0.0,6,2
5200,1,104,9,1,0,0,0.0,5,0,-1.0,4,1
5217,0,105,9,1,2,0,1.1,16,0,-0.4,6,3
5218,1,105,9,1,0,0,0.0,5,0,-1.0,3,1
5283,0,106,33,1,6,0,1.0999999999999996,16,0,0.0,11,7
5284,1,106,33,1,4,0,0.0,5,0,-1.0,13,5
5383,0,107,50,1,8,0,0.6000000000000005,12,0,1.0,10,9
5384,1,107,50,0,7,0,6.938893903907228e-16,0,2,0.9,12,7
5413,0,108,15,1,2,0,0.5000000000000003,11,0,0.0,6,3
5414,1,108,15,0,1,0,0.0,0,2,-1.1,9,1
5430,1,109,8,0,1,0,0.6000000000000001,6,0,0.0,3,1
5431,0,109,9,1,0,0,0.0,5,0,-0.1999999999999999,3,1
5530,0,110,50,1,8,3,0.6000000000000005,12,0,1.8,17,9
5531,1,110,50,0,9,0,1.1999999999999995,11,0,1.0,15,9
5548,0,111,9,1,2,0,1.0999999999999996,16,0,-0.4,5,3
5549,1,111,9,1,0,1,0.0,5,0,-1.0,4,1
5566,0,112,9,1,1,0,0.5000000000000002,11,0,0.0,4,2
5567,1,112,9,1,0,0,0.0,5,2,-1.1,6,1
5596,0,113,15,2,3,0,1.0999999999999996,22,0,1.2000000000000002,7,5
5597,1,113,15,1,1,1,0.0,5,0,-1.0,8,2
5613,1,114,8,0,1,0,0.6000000000000002,6,2,-0.1,4,1
5614,0,114,9,1,0,0,0.0,5,0,-0.1999999999999999,2,1
5655,0,115,21,1,3,0,0.5000000000000004,11,0,0.0,8,4
5656,1,115,21,0,2,0,0.0,0,2,-1.1,6,2
5685,0,116,15,1,3,0,1.0999999999999994,16,0,-0.4,7,4
5686,1,116,15,1,1,0,0.0,5,0,-1.0,6,2
5785,0,117,50,0,9,4,1.1999999999999984,11,2,1.1,10,9
5786,1,117,50,0,11,0,2.399999999999997,23,0,1.0,12,11
5885,0,118,50,3,9,1,1.1999999999999975,29,0,1.0,11,12
5886,1,118,50,0,7,1,6.938893903907228e-16,0,0,1.0,13,7
5985,0,119,50,0,8,2,0.6000000000000005,6,0,1.0,10,8
5986,1,119,50,0,11,0,2.399999999999997,23,1,1.8,10,11
6015,0,120,15,0,3,0,1.1,10,0,0.0,7,3
6016,1,120,15,1,1,0,0.0,5,0,-1.0,8,2
6115,0,121,50,1,8,3,0.6000000000000003,12,0,1.8,10,9
6116,1,121,50,0,10,0,1.7999999999999976,17,0,1.0,9,10
6132,1,122,8,1,0,0,1.3877787807814454e-16,6,0,0.0,4,1
6133,0,122,9,0,0,0,0.0,0,0,-1.0,4,0
6150,0,123,9,1,3,0,1.6999999999999995,22,1,0.8,3,4
6151,1,123,9,1,0,1,0.0,5,0,-1.0,5,1
6204,0,124,27,1,4,0,0.5000000000000004,11,0,0.0,9,5
6205,1,124,27,0,3,0,0.0,0,2,-1.1,7,3
6222,0,125,9,1,2,0,1.0999999999999996,16,0,0.8,6,3
6223,1,125,9,0,0,0,0.0,0,2,-1.1,4,0
6322,0,126,50,0,9,1,1.1999999999999993,11,1,1.4,11,9
6323,1,126,50,0,11,0,2.399999999999997,23,0,1.0,8,11
6388,0,127,33,2,6,0,1.0999999999999996,22,0,0.0,9,8
6389,1,127,33,0,4,0,0.0,0,1,-1.1,9,4
6454,0,128,33,1,5,0,0.5000000000000001,11,0,0.0,12,6
6455,1,128,33,0,4,0,0.0,0,2,-1.1,12,4
6554,0,129,50,0,9,3,1.199999999999999,11,0,1.0,9,9
6555,1,129,50,0,11,0,2.399999999999997,23,0,1.0,14,11
6584,0,130,15,1,3,0,1.0999999999999996,16,0,0.0,6,4
6585,1,130,15,1,1,0,0.0,5,0,-1.0,8,2
6684,0,131,50,0,11,2,2.399999999999998,23,1,1.8,16,11
6685,1,131,50,0,10,1,1.7999999999999994,17,0,1.0,15,10
6702,0,132,9,1,1,0,0.5000000000000001,11,1,0.8,5,2
6703,1,132,9,0,0,0,0.0,0,2,-1.1,5,0
6756,0,133,27,0,6,0,1.7000000000000002,17,1,0.8,10,6
6757,1,133,27,1,3,0,0.0,5,0,-1.0,10,4
6822,0,134,33,2,5,0,0.5000000000000006,17,0,0.0,8,7
6823,1,134,33,0,4,0,0.0,0,2,-1.1,9,4
6922,0,135,50,0,9,2,1.1999999999999995,11,0,1.0,10,9
6923,1,135,50,1,11,0,2.399999999999997,29,0,1.0,11,12
6964,0,136,21,1,3,0,0.5000000000000002,11,0,-0.4,8,4
6965,1,136,21,1,2,0,0.0,5,0,-0.1999999999999999,7,3
7064,0,137,50,1,12,1,2.9999999999999973,35,1,1.8,19,13
7065,1,137,50,1,8,1,0.6,11,0,0.6,19,9
7105,1,138,20,1,2,0,2.498001805406602e-16,6,0,0.8,6,3
7106,0,138,21,2,2,0,0.0,11,0,-1.0,6,4
7205,0,139,50,1,10,3,1.7999999999999994,23,0,1.8,11,11
7206,1,139,50,0,11,2,2.399999999999997,23,0,1.0,15,11
7223,0,140,9,1,1,0,0.5000000000000001,11,1,0.8,5,2
7224,1,140,9,1,0,0,0.0,5,0,-0.1999999999999999,3,1
7253,0,141,15,1,2,0,0.5000000000000001,11,0,-0.4,8,3
7254,1,141,15,1,1,0,0.0,5,0,-1.0,7,2
7353,0,142,50,1,11,1,2.399999999999998,29,0,1.0,17,12
7354,1,142,50,1,8,1,0.6,11,1,1.8,17,9
7383,0,143,15,1,2,0,0.5000000000000002,11,1,0.8,7,3
7384,1,143,15,1,1,0,0.0,5,0,-0.1999999999999999,7,2
7483,0,144,50,0,9,1,1.1999999999999995,11,0,1.0,13,9
7484,1,144,50,1,7,0,5.828670879282072e-16,6,2,0.9,11,8
7525,0,145,21,0,4,0,1.1,11,0,0.0,12,4
7526,1,145,21,0,2,0,0.0,0,2,-1.1,10,2
7579,0,146,27,3,4,0,0.5000000000000003,23,0,0.8,8,7
7580,1,146,27,0,3,0,0.0,0,2,-1.1,9,3
7609,0,147,15,1,2,0,0.5000000000000002,11,0,0.0,7,3
7610,1,147,15,0,1,0,0.0,0,2,-1.1,9,1
7627,0,148,9,1,2,0,1.1,16,0,0.0,5,3
7628,1,148,9,1,0,0,0.0,5,0,-1.0,5,1
7669,0,149,21,2,3,0,0.5000000000000002,17,0,-0.4,8,5
7670,1,149,21,1,2,0,0.0,5,0,-0.1999999999999999,8,3
7723,0,150,27,1,6,0,1.6999999999999993,22,1,0.8,9,7
7724,1,150,27,1,3,0,0.0,5,0,-1.0,9,4
7741,0,151,9,1,1,0,0.5000000000000002,11,0,0.8,5,2
7742,1,151,9,0,0,0,0.0,0,2,-1.1,4,0
7771,0,152,15,0,3,0,1.1,11,2,-0.1,9,3
7772,1,152,15,1,1,0,0.0,5,0,-1.0,6,2
7871,0,153,50,0,9,2,1.1999999999999995,11,0,1.0,13,9
7872,1,153,50,0,11,0,2.3999999999999977,23,0,1.0,15,11
7901,0,154,15,2,2,0,0.5000000000000001,17,0,-0.4,6,4
7902,1,154,15,0,1,0,0.0,0,2,-1.1,5,1
8001,0,155,50,0,8,3,0.5999999999999984,5,0,1.0,14,8
8002,1,155,50,0,10,0,1.7999999999999985,17,0,1.0,14,10
8019,0,156,9,0,1,0,0.5000000000000002,5,0,0.0,4,1
8020,1,156,9,0,0,0,0.0,0,2,-1.1,4,0
8049,0,157,15,0,3,0,1.1,10,0,0.0,9,3
8050,1,157,15,1,1,0,0.0,5,0,-1.0,6,2
8149,0,158,50,0,8,3,0.6,5,0,1.0,18,8
8150,1,158,50,0,11,0,2.399999999999998,23,0,1.0,15,11
8203,0,159,27,3,5,1,1.0999999999999992,28,0,0.8,12,8
8204,1,159,27,0,3,1,0.0,0,2,-1.1,13,3
8269,0,160,33,4,5,0,0.5000000000000001,28,0,1.2000000000000002,14,9
8270,1,160,33,0,4,0,0.0,0,2,-1.1,9,4
8311,0,161,21,1,4,0,1.1,17,0,-0.4,10,5
8312,1,161,21,0,2,0,0.0,0,2,-1.1,8,2
8341,0,162,15,0,4,0,1.6999999999999995,16,0,0.0,7,4
8342,1,162,15,1,1,0,0.0,5,0,-1.0,7,2
8407,0,163,33,1,5,0,0.5000000000000007,11,0,0.8,11,6
8408,1,163,33,1,4,0,0.0,5,0,-1.0,10,5
8425,0,164,9,1,1,0,0.5000000000000002,11,0,-0.4,5,2
8426,1,164,9,0,0,0,0.0,0,2,-1.1,5,0
8479,0,165,27,1,5,0,1.0999999999999996,16,0,-0.4,9,6
8480,1,165,27,0,3,0,0.0,0,2,-1.1,7,3
8545,0,166,33,2,5,0,0.4999999999999998,16,0,0.8,10,7
8546,1,166,33,1,4,0,0.0,5,0,-0.1999999999999999,9,5
8599,0,167,27,1,4,0,0.5000000000000007,11,0,-0.4,10,5
8600,1,167,27,0,3,0,0.0,0,0,-1.0,10,3
8617,0,168,9,1,2,0,1.0999999999999996,16,0,0.0,6,3
8618,1,168,9,1,0,0,0.0,5,0,-0.1999999999999999,4,1
8659,0,169,21,1,3,0,0.5000000000000006,11,0,0.0,7,4
8660,1,169,21,1,2,0,0.0,5,0,-0.1999999999999999,5,3
8759,0,170,50,0,9,3,1.1999999999999988,11,0,1.0,12,9
8760,1,170,50,1,11,0,2.399999999999997,29,0,1.0,12,12
8777,0,171,9,0,2,0,1.0999999999999996,10,0,0.0,7,2
8778,1,171,9,1,0,0,0.0,5,0,-1.0,4,1
8807,0,172,15,0,4,0,1.7000000000000002,17,1,0.8,8,4
8808,1,172,15,1,1,0,0.0,5,0,-1.0,8,2
8849,0,173,21,1,5,0,1.6999999999999993,22,1,0.8,7,6
8850,1,173,21,1,2,0,0.0,5,0,-1.0,6,3
8949,0,174,50,0,9,2,1.1999999999999993,11,0,1.0,9,9
8950,1,174,50,0,11,0,2.399999999999997,23,0,1.0,11,11
8967,0,175,9,0,1,0,0.5000000000000002,5,0,0.0,4,1
8968,1,175,9,0,0,0,0.0,0,0,-1.0,3,0
9067,0,176,50,2,9,1,1.2000000000000002,24,0,1.8,16,11
9068,1,176,50,1,8,0,0.5999999999999995,11,0,0.6,18,9
9109,0,177,21,2,4,0,1.0999999999999996,22,0,0.8,9,6
9110,1,177,21,1,2,1,0.0,5,0,-1.0,10,3
9127,0,178,9,0,1,0,0.5000000000000001,5,2,-0.1,5,1
9128,1,178,9,1,0,0,0.0,5,0,-0.1999999999999999,3,1
9193,0,179,33,1,5,2,0.5,11,0,0.8,11,6
9194,1,179,33,1,4,0,0.0,5,0,-0.1999999999999999,12,5
9223,0,180,15,2,2,0,0.5000000000000002,17,1,0.8,6,4
9224,1,180,15,1,1,0,0.0,5,0,-0.1999999999999999,6,2
9241,0,181,9,2,1,0,0.5000000000000002,17,0,-0.4,6,3
9242,1,181,9,0,0,0,0.0,0,2,-1.1,4,0
9259,0,182,9,1,2,0,1.1,17,1,0.8,5,3
9260,1,182,9,1,0,0,0.0,5,2,-1.1,4,1
9359,0,183,50,1,8,2,0.5999999999999998,11,0,1.0,13,9
9360,1,183,50,0,8,1,0.6000000000000005,6,0,1.0,14,8
9459,0,184,50,0,8,1,0.6000000000000009,6,0,1.0,13,8
9460,1,184,50,1,8,0,0.6000000000000003,12,0,1.8,12,9
9477,0,185,9,2,1,0,0.5000000000000001,17,1,0.8,4,3
9478,1,185,9,1,0,0,0.0,5,0,-1.0,5,1
9495,0,186,9,0,2,0,1.0999999999999996,10,0,0.0,6,2
9496,1,186,9,1,0,0,0.0,5,0,-1.0,4,1
9537,0,187,21,1,3,0,0.5000000000000004,11,0,0.0,9,4
9538,1,187,21,1,2,0,0.0,5,0,-1.0,10,3
9555,0,188,9,0,2,0,1.0999999999999996,10,0,0.0,6,2
9556,1,188,9,1,0,0,0.0,5,2,-1.1,6,1
9572,1,189,8,1,0,0,1.3877787807814454e-16,6,0,0.8,2,1
9573,0,189,9,2,0,0,0.0,11,0,-0.1999999999999999,3,2
9590,0,190,9,2,1,0,0.5000000000000001,17,0,-0.4,5,3
9591,1,190,9,1,0,0,0.0,5,0,-1.0,4,1
9620,0,191,15,2,2,0,0.5000000000000003,17,0,-0.4,8,4
9621,1,191,15,0,1,0,0.0,0,2,-1.1,5,1
9720,0,192,50,1,8,1,0.6000000000000006,12,0,0.6,17,9
9721,1,192,50,2,7,0,0.0,11,0,0.8,14,9
9786,0,193,33,1,7,1,1.699999999999998,22,0,0.0,11,8
9787,1,193,33,1,4,1,0.0,5,0,-1.0,9,5
9804,0,194,9,0,1,1,0.5000000000000001,5,2,0.0999999999999999,5,1
9805,1,194,9,0,1,0,0.6,5,2,-1.1,5,1
9821,1,195,8,0,1,0,0.6000000000000002,6,1,0.8,4,1
9822,0,195,9,2,0,0,0.0,11,0,-0.1999999999999999,3,2
9851,0,196,15,1,2,0,0.5000000000000003,11,0,-0.4,6,3
9852,1,196,15,0,1,0,0.0,0,2,-1.1,7,1
9869,0,197,9,0,3,0,1.7000000000000002,17,1,0.8,5,3
9870,1,197,9,1,0,0,0.0,5,0,-1.0,5,1
9969,0,198,50,1,9,1,1.2000000000000002,18,0,1.8,13,10
9970,1,198,50,1,10,0,1.799999999999999,23,0,1.8,13,11
9987,0,199,9,0,2,0,1.1,10,0,0.0,5,2
9988,1,199,9,1,0,0,0.0,5,0,-1.0,4,1
10005,0,200,9,3,1,0,0.5000000000000001,22,0,1.2000000000000002,5,4
10006,1,200,9,0,0,0,0.0,0,2,-1.1,5,0
10059,0,201,27,1,4,0,0.5000000000000006,11,0,-0.4,7,5
10060,1,201,27,1,3,0,0.0,5,0,-1.0,9,4
10149,0,202,45,1,7,0,0.5000000000000006,11,0,0.0,13,8
10150,1,202,45,0,6,0,0.0,0,2,-1.1,15,6
10203,0,203,27,1,4,0,0.5000000000000006,11,0,0.0,10,5
10204,1,203,27,0,3,0,0.0,0,2,-1.1,8,3
10220,1,204,8,0,1,0,0.6000000000000001,6,0,0.0,4,1
10221,0,204,9,2,0,0,0.0,11,0,-0.1999999999999999,3,2
10262,0,205,21,1,4,0,1.1,17,0,0.8,12,5
10263,1,205,21,1,2,0,0.0,5,0,-1.0,10,3
10292,0,206,15,1,2,0,0.5000000000000003,11,0,0.0,8,3
10293,1,206,15,1,1,0,0.0,5,0,-0.1999999999999999,7,2
10310,0,207,9,1,1,0,0.5000000000000002,11,0,0.0,4,2
10311,1,207,9,0,0,0,0.0,0,0,-1.0,6,0
10364,0,208,27,0,5,0,1.0999999999999996,10,0,0.0,9,5
10365,1,208,27,1,3,0,0.0,5,0,-1.0,7,4
10430,0,209,33,1,5,0,0.5000000000000004,11,0,-0.4,16,6
10431,1,209,33,0,4,0,0.0,0,2,-1.1,11,4
10460,0,210,15,2,2,0,0.5000000000000001,17,0,-0.4,6,4
10461,1,210,15,1,1,0,0.0,5,0,-1.0,5,2
10526,0,211,33,2,6,0,1.0999999999999992,22,0,0.8,10,8
10527,1,211,33,0,4,1,0.0,0,1,-1.1,13,4
10580,0,212,27,1,4,1,0.5000000000000002,11,0,0.8,11,5
10581,1,212,27,0,3,0,0.0,0,2,-1.1,11,3
10670,0,213,45,0,9,0,1.7000000000000002,17,0,0.0,15,9
10671,1,213,45,1,6,0,0.0,5,0,-1.0,12,7
10712,0,214,21,3,3,0,0.5000000000000006,23,0,0.8,7,6
10713,1,214,21,0,2,0,0.0,0,2,-1.1,9,2
10754,0,215,21,2,3,0,0.5000000000000004,17,0,1.2000000000000002,9,5
10755,1,215,21,1,2,0,0.0,5,0,-1.0,9,3
10854,0,216,50,0,10,2,1.7999999999999998,17,1,1.4,16,10
10855,1,216,50,0,12,1,2.999999999999998,29,1,1.8,17,12
10884,0,217,15,2,3,0,1.0999999999999996,22,0,1.2000000000000002,8,5
10885,1,217,15,1,1,0,0.0,5,0,-1.0,7,2
10914,0,218,15,2,2,0,0.5000000000000002,17,1,0.8,8,4
10915,1,218,15,0,1,0,0.0,0,2,-1.1,7,1
10931,1,219,8,0,1,0,0.6000000000000002,6,1,0.8,6,1
10932,0,219,9,1,0,0,0.0,5,0,-1.0,4,1
11009,0,220,39,1,7,0,1.1000000000000003,17,1,0.8,16,8
11010,1,220,39,1,5,0,0.0,5,0,-1.0,12,6
11051,0,221,21,2,4,0,1.0999999999999994,22,0,-0.4,9,6
11052,1,221,21,0,2,0,0.0,0,2,-1.1,8,2
11093,0,222,21,2,3,0,0.5000000000000004,17,0,1.2000000000000002,10,5
11094,1,222,21,1,2,0,0.0,5,0,-1.0,10,3
11171,0,223,39,1,6,0,0.5000000000000001,11,0,-0.4,13,7
11172,1,223,39,1,5,0,0.0,5,0,-0.1999999999999999,10,6
11213,0,224,21,1,3,0,0.5000000000000001,11,1,0.8,7,4
11214,1,224,21,1,2,0,0.0,5,0,-0.1999999999999999,6,3
11243,0,225,15,2,2,0,0.5000000000000001,17,0,1.2000000000000002,6,4
11244,1,225,15,1,1,0,0.0,5,0,-1.0,6,2
11261,0,226,9,0,1,0,0.5000000000000001,5,1,0.8,6,1
11262,1,226,9,0,0,0,0.0,0,2,-1.1,5,0
11303,0,227,21,0,3,0,0.5000000000000003,5,1,0.8,9,3
11304,1,227,21,1,2,0,0.0,5,0,-0.1999999999999999,9,3
11345,0,228,21,1,4,0,1.0999999999999994,16,0,0.0,7,5
11346,1,228,21,1,2,0,0.0,5,0,-1.0,8,3
11445,0,229,50,0,11,0,2.399999999999998,23,1,1.8,13,11
11446,1,229,50,0,10,0,1.7999999999999994,17,1,0.9,14,10
11463,0,230,9,2,1,0,0.5000000000000002,17,0,1.2000000000000002,5,3
11464,1,230,9,0,0,0,0.0,0,2,-1.1,3,0
11493,0,231,15,0,3,0,1.0999999999999996,10,0,0.0,11,3
11494,1,231,15,0,1,0,0.0,0,2,-1.1,8,1
11523,0,232,15,2,3,0,1.0999999999999992,22,0,-0.4,8,5
11524,1,232,15,1,1,0,0.0,5,2,-1.1,6,2
11541,0,233,9,0,1,0,0.5000000000000001,5,2,-0.1,4,1
11542,1,233,9,1,0,0,0.0,5,0,-0.1999999999999999,6,1
11559,0,234,9,1,3,0,1.6999999999999995,22,0,0.8,6,4
11560,1,234,9,1,0,0,0.0,5,0,-1.0,5,1
11577,0,235,9,0,2,0,1.0999999999999996,10,0,0.0,6,2
11578,1,235,9,1,0,0,0.0,5,0,-1.0,7,1
11677,0,236,50,1,10,0,1.799999999999999,23,0,1.0,13,11
11678,1,236,50,0,9,0,1.2000000000000002,12,0,1.0,15,9
11694,1,237,8,0,1,0,0.6000000000000002,6,0,0.0,4,1
11695,0,237,9,1,0,0,0.0,5,0,-1.0,3,1
11794,0,238,50,1,9,3,1.1999999999999988,17,0,1.8,13,10
11795,1,238,50,0,11,0,2.399999999999997,23,0,1.0,10,11
11824,0,239,15,1,2,0,0.5000000000000003,11,0,0.0,6,3
11825,1,239,15,1,1,0,0.0,5,0,-1.0,7,2
11924,0,240,50,0,10,2,1.799999999999999,17,0,1.0,7,10
11925,1,240,50,0,11,0,2.3999999999999964,23,0,1.0,10,11
11942,0,241,9,2,1,0,0.5000000000000001,17,0,1.2000000000000002,5,3
11943,1,241,9,0,0,0,0.0,0,2,-1.1,3,0
11984,0,242,21,1,3,0,0.5000000000000003,11,0,-0.4,10,4
11985,1,242,21,0,2,0,0.0,0,2,-1.1,10,2
12084,0,243,50,1,9,1,1.1999999999999988,17,0,1.0,15,10
12085,1,243,50,0,9,0,1.1999999999999995,11,0,1.0,15,9
12126,0,244,21,2,3,0,0.4999999999999998,16,0,0.0,8,5
12127,1,244,21,0,2,0,0.0,0,2,-1.1,9,2
12156,0,245,15,2,2,0,0.5000000000000003,17,0,0.8,4,4
12157,1,245,15,1,1,0,0.0,5,2,-1.1,9,2
12256,0,246,50,1,11,0,2.399999999999998,29,0,1.0,18,12
12257,1,246,50,1,8,0,0.6000000000000003,12,0,0.6,17,9
12274,0,247,9,1,1,0,0.5000000000000002,11,0,0.0,5,2
12275,1,247,9,0,0,0,0.0,0,2,-1.1,4,0
12328,0,248,27,1,6,1,1.6999999999999995,22,0,-0.4,12,7
12329,1,248,27,1,3,1,0.0,5,0,-1.0,11,4
12358,0,249,15,1,3,0,1.1,16,0,-0.4,7,4
12359,1,249,15,1,1,1,0.0,5,0,-1.0,8,2
12400,0,250,21,1,5,1,1.6999999999999993,22,1,0.8,9,6
12401,1,250,21,1,2,1,0.0,5,0,-1.0,8,3
12454,0,251,27,1,4,0,0.5000000000000006,11,0,0.0,9,5
12455,1,251,27,0,3,0,0.0,0,2,-1.1,8,3
12544,0,252,45,1,10,1,2.299999999999998,28,1,0.8,14,11
12545,1,252,45,1,6,1,0.0,5,0,-1.0,15,7
12586,0,253,21,0,3,0,0.5000000000000003,5,1,0.8,5,3
12587,1,253,21,1,2,0,0.0,5,0,-1.0,5,3
12651,1,254,32,0,5,0,0.6000000000000001,6,2,-0.1,9,5
12652,0,254,33,1,4,0,0.0,5,0,-1.0,8,5
12669,0,255,9,3,1,0,0.5000000000000001,22,0,0.0,5,4
12670,1,255,9,0,0,0,0.0,0,2,-1.1,4,0
12769,0,256,50,1,11,0,2.3999999999999977,29,0,1.0,16,12
12770,1,256,50,1,9,0,1.1999999999999988,17,0,1.8,17,10
12799,0,257,15,0,4,0,1.7000000000000002,17,1,0.8,6,4
12800,1,257,15,1,1,0,0.0,5,0,-1.0,7,2
12829,0,258,15,2,4,0,1.6999999999999993,28,0,1.2000000000000002,7,6
12830,1,258,15,1,1,0,0.0,5,2,-1.1,6,2
12870,1,259,20,0,2,0,2.498001805406602e-16,0,2,-0.1,10,2
12871,0,259,21,4,2,0,0.0,23,2,-1.1,10,6
12900,0,260,15,1,2,0,0.5000000000000002,11,0,0.0,6,3
12901,1,260,15,0,1,0,0.0,0,2,-1.1,7,1
12918,0,261,9,0,2,0,1.0999999999999996,10,0,0.0,6,2
12919,1,261,9,1,0,0,0.0,5,0,-1.0,4,1
12935,1,262,8,1,0,0,1.3877787807814454e-16,6,0,0.8,5,1
12936,0,262,9,2,0,0,0.0,11,0,-0.1999999999999999,4,2
12977,0,263,21,1,3,0,0.5000000000000003,11,0,-0.4,10,4
12978,1,263,21,1,2,0,0.0,5,2,-1.1,10,3
13007,0,264,15,2,2,0,0.5000000000000003,17,0,0.0,9,4
13008,1,264,15,0,1,0,0.0,0,2,-1.1,7,1
13107,0,265,50,1,12,0,2.9999999999999973,35,0,1.0,17,13
13108,1,265,50,1,8,2,0.5999999999999998,11,0,0.6,18,9
13137,0,266,15,2,2,0,0.5000000000000002,17,0,-0.4,7,4
13138,1,266,15,0,1,0,0.0,0,2,-1.1,7,1
13237,0,267,50,1,8,0,0.6000000000000005,12,0,1.0,10,9
13238,1,267,50,0,8,0,0.6000000000000008,6,0,1.0,10,8
13291,0,268,27,3,4,0,0.5000000000000001,22,0,1.2000000000000002,12,7
13292,1,268,27,0,3,0,0.0,0,2,-1.1,12,3
13320,1,269,14,0,2,0,0.6000000000000003,6,0,0.0,5,2
13321,0,269,15,2,1,0,0.0,11,0,-0.1999999999999999,7,3
13350,0,270,15,3,2,0,0.5000000000000001,22,0,-0.4,7,5
13351,1,270,15,0,1,0,0.0,0,1,-1.1,7,1
13368,0,271,9,1,1,0,0.5000000000000001,11,0,0.0,4,2
13369,1,271,9,1,0,0,0.0,5,0,-1.0,3,1
13398,0,272,15,0,3,0,1.1,11,1,-0.1,8,3
13399,1,272,15,1,1,0,0.0,5,0,-1.0,7,2
13452,0,273,27,1,4,0,0.5000000000000001,11,0,-0.4,10,5
13453,1,273,27,0,3,0,0.0,0,2,-1.1,10,3
13494,0,274,21,2,3,0,0.5000000000000001,17,0,0.0,7,5
13495,1,274,21,1,2,0,0.0,5,0,-0.1999999999999999,9,3
13594,0,275,50,0,9,1,1.2000000000000006,12,0,1.0,16,9
13595,1,275,50,0,10,1,1.7999999999999976,17,2,1.9,14,10
13612,0,276,9,1,1,0,0.5000000000000001,11,1,0.8,4,2
13613,1,276,9,0,0,0,0.0,0,2,-1.1,4,0
13712,0,277,50,0,10,3,1.799999999999999,17,2,1.1,15,10
13713,1,277,50,0,12,0,2.999999999999998,29,0,1.0,11,12
13812,0,278,50,2,8,0,0.6000000000000009,18,0,1.8,9,10
13813,1,278,50,0,8,0,0.6000000000000008,6,2,0.9,12,8
13902,0,279,45,1,7,1,0.500000000000001,11,0,-0.4,13,8
13903,1,279,45,0,6,0,0.0,0,2,-1.1,14,6
14002,0,280,50,1,11,1,2.399999999999997,29,0,1.0,15,12
14003,1,280,50,0,10,0,1.7999999999999994,17,0,1.0,14,10
14044,0,281,21,1,5,0,1.6999999999999993,22,0,0.0,9,6
14045,1,281,21,1,2,0,0.0,5,0,-1.0,9,3
14062,0,282,9,1,1,0,0.5000000000000002,11,0,0.0,5,2
14063,1,282,9,0,0,0,0.0,0,2,-1.1,5,0
14140,0,283,39,2,7,0,1.0999999999999983,22,0,-0.4,12,9
14141,1,283,39,0,5,1,0.0,0,1,-1.1,13,5
14240,0,284,50,1,7,1,8.049116928532385e-16,6,0,1.8,13,8
14241,1,284,50,0,9,0,1.1999999999999988,11,0,1.0,15,9
14340,0,285,50,0,8,4,0.6000000000000003,6,0,1.0,11,8
14341,1,285,50,1,10,0,1.7999999999999965,23,0,1.8,8,11
14440,0,286,50,0,8,1,0.6000000000000011,6,1,1.8,16,8
14441,1,286,50,0,8,0,0.5999999999999999,5,0,1.0,11,8
14482,0,287,21,1,4,0,1.0999999999999996,16,0,-0.4,9,5
14483,1,287,21,1,2,0,0.0,5,0,-1.0,6,3
14582,0,288,50,0,8,1,0.6000000000000009,6,0,1.0,12,8
14583,1,288,50,0,8,0,0.6000000000000003,6,0,1.0,14,8
14682,0,289,50,3,9,1,1.199999999999997,29,0,1.8,19,12
14683,1,289,50,0,7,1,2.775557561562892e-17,0,2,0.9,19,7
14782,0,290,50,0,10,3,1.7999999999999976,17,1,1.4,13,10
14783,1,290,50,1,11,1,2.399999999999998,29,0,1.8,16,12
14799,1,291,8,1,0,0,1.3877787807814454e-16,6,0,0.8,3,1
14800,0,291,9,2,0,0,0.0,11,0,-0.1999999999999999,4,2
14899,0,292,50,1,8,1,0.6000000000000005,12,0,1.8,14,9
14900,1,292,50,1,11,0,2.399999999999997,29,0,1.0,12,12
14999,0,293,50,0,10,1,1.7999999999999985,17,0,1.0,10,10
15000,1,293,50,0,12,0,2.999999999999997,29,1,1.8,10,12
15029,0,294,15,2,2,0,0.5000000000000001,17,0,0.8,4,4
15030,1,294,15,0,1,0,0.0,0,2,-1.1,6,1
15046,1,295,8,0,1,0,0.6000000000000002,6,1,0.8,4,1
15047,0,295,9,1,0,0,0.0,5,0,-0.1999999999999999,3,1
15146,0,296,50,0,10,2,1.799999999999998,17,1,1.4,13,10
15147,1,296,50,0,12,0,2.999999999999998,29,0,1.0,17,12
15246,0,297,50,2,8,0,0.6000000000000005,18,0,1.0,13,10
15247,1,297,50,1,7,0,1.3877787807814454e-16,6,0,1.8,15,8
15346,0,298,50,0,14,0,4.199999999999998,41,1,1.8,18,14
15347,1,298,50,1,8,0,0.6000000000000003,12,0,0.6,17,9
15446,0,299,50,1,11,1,2.399999999999997,29,0,1.8,14,12
15447,1,299,50,0,8,1,0.6000000000000006,6,1,1.8,10,8
15546,0,300,50,1,8,1,0.6000000000000005,12,0,1.0,12,9
15547,1,300,50,0,7,0,2.498001805406602e-16,0,2,0.9,16,7
15564,0,301,9,1,1,0,0.5000000000000001,11,1,0.8,5,2
15565,1,301,9,0,0,0,0.0,0,2,-1.1,5,0
15581,1,302,8,0,1,0,0.6000000000000002,6,1,0.8,4,1
15582,0,302,9,1,0,0,0.0,5,0,-0.1999999999999999,3,1
15681,0,303,50,1,10,0,1.799999999999999,23,1,1.8,13,11
15682,1,303,50,1,8,0,0.6000000000000005,12,0,0.6,15,9
15699,0,304,9,1,1,0,0.5000000000000002,11,0,0.0,5,2
15700,1,304,9,1,0,0,0.0,5,0,-0.1999999999999999,3,1
15717,0,305,9,2,1,0,0.5000000000000001,17,0,-0.4,4,3
15718,1,305,9,0,0,1,0.0,0,2,-1.1,4,0
15771,0,306,27,2,5,0,1.0999999999999996,22,0,0.8,11,7
15772,1,306,27,1,3,0,0.0,5,0,-1.0,11,4
15825,0,307,27,0,5,0,1.1,11,0,0.0,9,5
15826,1,307,27,1,3,0,0.0,5,2,-1.1,8,4
15879,0,308,27,3,4,0,0.5000000000000001,22,0,0.0,10,7
15880,1,308,27,0,3,1,0.0,0,1,-1.1,8,3
15896,1,309,8,0,1,0,0.6000000000000002,6,0,0.0,4,1
15897,0,309,9,2,0,0,0.0,11,0,-0.1999999999999999,5,2
15996,0,310,50,0,9,3,1.199999999999999,11,0,1.0,10,9
15997,1,310,50,0,11,0,2.3999999999999964,23,0,1.0,11,11
16050,0,311,27,1,5,0,1.0999999999999992,16,0,-0.4,10,6
16051,1,311,27,1,3,1,0.0,5,0,-1.0,9,4
16068,0,312,9,1,1,0,0.5000000000000001,11,0,0.0,3,2
16069,1,312,9,1,0,0,0.0,5,2,-1.1,4,1
16098,0,313,15,3,2,0,0.5000000000000001,22,0,-0.4,5,5
16099,1,313,15,0,1,1,0.0,0,2,-1.1,9,1
16198,0,314,50,0,9,1,1.1999999999999995,11,0,1.0,13,9
16199,1,314,50,0,10,0,1.7999999999999967,17,0,1.0,9,10
16264,0,315,33,1,6,1,1.0999999999999996,16,0,0.0,13,7
16265,1,315,33,1,4,0,0.0,5,2,-1.1,13,5
16282,0,316,9,1,2,0,1.0999999999999996,16,0,0.0,5,3
16283,1,316,9,1,0,0,0.0,5,0,-1.0,4,1
16300,0,317,9,0,3,0,1.6999999999999995,16,0,0.0,5,3
16301,1,317,9,1,0,1,0.0,5,0,-1.0,5,1
16390,0,318,45,2,7,0,0.5000000000000001,17,0,-0.4,10,9
16391,1,318,45,0,6,0,0.0,0,2,-1.1,11,6
16407,1,319,8,1,0,0,1.3877787807814454e-16,6,0,0.8,2,1
16408,0,319,9,1,0,0,0.0,5,0,-1.0,4,1
16461,0,320,27,1,4,0,0.5000000000000006,11,0,-0.4,11,5
16462,1,320,27,1,3,0,0.0,5,0,-1.0,11,4
16515,0,321,27,1,6,0,1.6999999999999993,22,1,0.8,8,7
16516,1,321,27,1,3,0,0.0,5,0,-1.0,11,4
16615,0,322,50,0,9,2,1.1999999999999995,11,1,1.4,13,9
16616,1,322,50,1,11,0,2.399999999999997,29,0,1.8,16,12
16668,1,323,26,1,3,0,2.498001805406602e-16,6,2,-0.1,8,4
16669,0,323,27,1,3,0,0.0,5,0,-1.0,6,4
16768,0,324,50,0,8,2,0.6000000000000001,6,0,1.0,14,8
16769,1,324,50,1,10,0,1.7999999999999976,23,0,1.8,12,11
16810,0,325,21,1,3,0,0.5000000000000004,11,0,0.0,5,4
16811,1,325,21,1,2,0,0.0,5,2,-1.1,10,3
16888,0,326,39,2,9,0,2.2999999999999994,34,0,1.2000000000000002,18,11
16889,1,326,39,1,5,1,0.0,5,0,-1.0,16,6
16954,0,327,33,2,6,1,1.0999999999999996,22,0,-0.4,16,8
16955,1,327,33,1,4,1,0.0,5,0,-1.0,13,5
17008,0,328,27,3,4,0,0.5000000000000006,23,0,1.2000000000000002,11,7
17009,1,328,27,0,3,0,0.0,0,2,-1.1,11,3
17025,1,329,8,0,1,0,0.6000000000000002,6,1,0.8,4,1
17026,0,329,9,1,0,0,0.0,5,0,-1.0,3,1
17043,0,330,9,2,2,0,1.0999999999999996,22,0,1.2000000000000002,4,4
17044,1,330,9,1,0,0,0.0,5,0,-1.0,5,1
17073,0,331,15,3,2,0,0.5000000000000003,23,0,1.2000000000000002,8,5
17074,1,331,15,1,1,0,0.0,5,0,-1.0,7,2
17091,0,332,9,1,1,0,0.5000000000000001,11,0,-0.4,5,2
17092,1,332,9,0,0,0,0.0,0,2,-1.1,5,0
17157,0,333,33,1,5,1,0.5000000000000006,11,1,0.8,8,6
17158,1,333,33,0,4,0,0.0,0,0,-1.0,9,4
17174,1,334,8,1,0,0,1.3877787807814454e-16,6,0,0.8,5,1
17175,0,334,9,2,0,0,0.0,11,0,-0.1999999999999999,3,2
17192,0,335,9,2,1,0,0.5000000000000002,17,0,0.8,4,3
17193,1,335,9,1,0,0,0.0,5,0,-1.0,7,1
17246,0,336,27,1,5,0,1.0999999999999996,16,0,0.0,11,6
17247,1,336,27,1,3,0,0.0,5,0,-1.0,10,4
17264,0,337,9,2,1,0,0.5000000000000001,17,0,-0.4,5,3
17265,1,337,9,0,0,0,0.0,0,2,-1.1,4,0
17294,0,338,15,1,3,0,1.1,16,0,0.0,6,4
17295,1,338,15,1,1,0,0.0,5,0,-1.0,6,2
17312,0,339,9,1,2,0,1.1,17,1,0.8,5,3
17313,1,339,9,1,0,0,0.0,5,0,-1.0,5,1
17412,0,340,50,0,8,3,0.5999999999999993,5,0,1.0,13,8
17413,1,340,50,0,11,0,2.399999999999997,23,1,1.8,13,11
17490,0,341,39,2,7,0,1.0999999999999983,22,0,0.0,9,9
17491,1,341,39,0,5,0,0.0,0,1,-1.1,8,5
17508,0,342,9,2,1,0,0.5000000000000001,17,0,-0.4,4,3
17509,1,342,9,0,0,1,0.0,0,2,-1.1,5,0
17550,0,343,21,2,4,0,1.0999999999999996,22,0,1.2000000000000002,9,6
17551,1,343,21,1,2,0,0.0,5,0,-1.0,8,3
17650,0,344,50,2,11,0,2.3999999999999986,35,0,1.0,18,13
17651,1,344,50,1,7,1,1.3877787807814454e-16,6,0,1.0,20,8
17680,0,345,15,0,4,0,1.7000000000000002,17,1,0.8,9,4
17681,1,345,15,1,1,0,0.0,5,0,-1.0,8,2
17698,0,346,9,1,2,0,1.0999999999999996,16,0,0.0,6,3
17699,1,346,9,0,0,0,0.0,0,2,-1.1,4,0
17728,0,347,15,2,2,0,0.4999999999999998,16,0,0.8,7,4
17729,1,347,15,0,1,0,0.0,0,2,-1.1,7,1
17770,0,348,21,2,3,0,0.5000000000000001,17,0,0.8,8,5
17771,1,348,21,1,2,0,0.0,5,0,-1.0,9,3
17870,0,349,50,1,8,1,0.6000000000000001,12,0,1.8,15,9
17871,1,349,50,0,9,1,1.2000000000000006,12,1,1.8,15,9
17960,0,350,45,2,7,0,0.500000000000001,17,0,-0.4,13,9
17961,1,350,45,1,6,0,0.0,5,0,-1.0,11,7
18060,0,351,50,1,8,0,0.600000000000001,12,0,1.0,12,9
18061,1,351,50,0,7,0,8.049116928532385e-16,0,0,1.0,8,7
18102,0,352,21,1,5,0,1.6999999999999993,22,0,0.8,8,6
18103,1,352,21,1,2,0,0.0,5,0,-1.0,8,3
18202,0,353,50,0,9,0,1.2000000000000006,12,0,1.0,16,9
18203,1,353,50,0,7,0,5.828670879282072e-16,0,2,0.9,16,7
18280,0,354,39,2,8,2,1.6999999999999984,28,0,1.2000000000000002,14,10
18281,1,354,39,0,5,2,0.0,0,1,-1.1,12,5
18298,0,355,9,2,1,0,0.5000000000000001,17,0,1.2000000000000002,5,3
18299,1,355,9,1,0,0,0.0,5,0,-0.1999999999999999,6,1
18340,0,356,21,0,4,0,1.1,11,0,0.0,9,4
18341,1,356,21,1,2,0,0.0,5,0,-1.0,10,3
18358,0,357,9,2,1,0,0.5000000000000001,17,0,0.0,4,3
18359,1,357,9,1,0,0,0.0,5,0,-0.1999999999999999,5,1
18412,0,358,27,3,5,0,1.0999999999999988,28,0,0.0,9,8
18413,1,358,27,0,3,0,0.0,0,1,-1.1,8,3
18512,0,359,50,0,10,2,1.7999999999999976,17,0,1.0,11,10
18513,1,359,50,0,11,0,2.3999999999999977,23,0,1.0,14,11
18612,0,360,50,0,9,1,1.1999999999999995,11,0,1.0,17,9
18613,1,360,50,0,11,0,2.399999999999999,23,0,1.0,17,11
18654,0,361,21,2,5,1,1.6999999999999988,28,0,1.2000000000000002,9,7
18655,1,361,21,0,2,1,0.0,0,1,-1.1,10,2
18720,0,362,33,1,5,0,0.5000000000000006,11,0,0.0,12,6
18721,1,362,33,1,4,0,0.0,5,0,-0.1999999999999999,6,5
18762,0,363,21,2,3,0,0.5000000000000003,17,0,0.0,8,5
18763,1,363,21,0,2,0,0.0,0,2,-1.1,8,2
18803,1,364,20,0,3,0,0.6000000000000002,6,1,0.8,6,3
18804,0,364,21,1,2,0,0.0,5,0,-0.1999999999999999,6,3
18903,0,365,50,0,11,2,2.399999999999999,23,1,1.4,12,11
18904,1,365,50,0,10,1,1.7999999999999985,17,2,1.5,16,10
19003,0,366,50,0,9,2,1.2,11,1,1.4,14,9
19004,1,366,50,0,10,0,1.799999999999998,17,0,1.0,14,10
19103,0,367,50,2,11,3,2.399999999999998,35,0,1.8,20,13
19104,1,367,50,1,8,2,0.5999999999999984,11,1,1.8,20,9
19121,0,368,9,1,1,0,0.5000000000000001,11,0,0.0,4,2
19122,1,368,9,1,0,0,0.0,5,0,-1.0,5,1
19187,0,369,33,1,5,0,0.5000000000000008,11,0,-0.4,12,6
19188,1,369,33,0,4,0,0.0,0,0,-1.0,10,4
19229,0,370,21,1,3,0,0.5000000000000004,11,0,0.8,7,4
19230,1,370,21,0,2,0,0.0,0,2,-1.1,9,2
19271,0,371,21,1,3,0,0.5000000000000004,11,0,0.8,6,4
19272,1,371,21,0,2,0,0.0,0,2,-1.1,11,2
19360,1,372,44,0,7,0,0.6000000000000005,6,0,0.0,12,7
19361,0,372,45,0,6,1,0.0,0,0,-1.0,11,6
19448,0,373,44,1,7,0,0.6000000000000003,12,0,0.0,12,8
19449,1,373,44,1,6,1,0.0,5,2,-1.1,14,7
19465,1,374,8,0,1,0,0.6000000000000002,6,0,0.0,5,1
19466,0,374,9,2,0,0,0.0,11,0,-0.1999999999999999,4,2
19483,0,375,9,1,3,0,1.6999999999999995,22,0,0.8,5,4
19484,1,375,9,1,0,1,0.0,5,0,-1.0,5,1
19513,0,376,15,2,2,0,0.5000000000000003,17,0,1.2000000000000002,7,4
19514,1,376,15,0,1,0,0.0,0,0,-1.0,7,1
19579,0,377,33,2,6,0,1.0999999999999996,22,0,1.2000000000000002,12,8
19580,1,377,33,0,4,1,0.0,0,2,-1.1,13,4
19630,1,378,25,0,4,0,0.7000000000000001,7,0,0.0,9,4
19631,0,378,26,1,3,1,0.0,5,0,-1.0,14,4
19648,0,379,9,3,1,0,0.5000000000000002,22,0,0.8,5,4
19649,1,379,9,0,0,0,0.0,0,2,-1.1,3,0
19748,0,380,50,0,9,2,1.2000000000000008,12,1,1.4,14,9
19749,1,380,50,0,10,0,1.799999999999999,17,0,1.0,16,10
19848,0,381,50,0,9,3,1.1999999999999993,11,0,1.0,8,9
19849,1,381,50,0,10,0,1.7999999999999967,17,0,1.0,10,10
19948,0,382,50,0,8,2,0.6000000000000001,6,0,1.0,13,8
19949,1,382,50,1,10,0,1.7999999999999976,23,0,1.8,15,11
20048,0,383,50,1,11,0,2.3999999999999977,29,0,1.0,16,12
20049,1,383,50,1,8,0,0.6000000000000003,12,0,1.8,15,9
20112,0,384,32,4,5,1,0.5999999999999998,29,0,0.0,14,9
20113,1,384,32,0,4,1,0.0,0,2,-1.1,14,4
20141,1,385,14,0,2,0,0.6000000000000002,6,1,0.8,6,2
20142,0,385,15,2,1,0,0.0,11,0,-0.1999999999999999,6,3
20241,0,386,50,0,8,3,0.6,5,2,1.1,12,8
20242,1,386,50,0,10,0,1.7999999999999976,17,0,1.0,15,10
20259,0,387,9,1,1,0,0.5000000000000002,11,0,0.8,4,2
20260,1,387,9,1,0,0,0.0,5,0,-0.1999999999999999,3,1
20313,0,388,27,2,4,0,0.5000000000000004,17,0,0.8,8,6
20314,1,388,27,1,3,0,0.0,5,0,-0.1999999999999999,9,4
20365,0,389,26,1,5,0,1.1999999999999995,17,0,0.0,14,6
20366,1,389,26,1,3,0,0.0,5,0,-1.0,10,4
20465,0,390,50,1,8,2,0.6000000000000008,12,0,1.8,17,9
20466,1,390,50,0,11,0,2.3999999999999986,23,0,1.0,15,11
20507,0,391,21,0,5,0,1.6999999999999995,16,0,0.0,9,5
20508,1,391,21,1,2,0,0.0,5,0,-1.0,7,3
20525,0,392,9,1,1,0,0.5000000000000001,11,1,0.8,4,2
20526,1,392,9,0,0,0,0.0,0,2,-1.1,5,0
20567,0,393,21,2,5,0,1.6999999999999995,28,0,1.2000000000000002,12,7
20568,1,393,21,1,2,0,0.0,5,0,-1.0,9,3
20584,1,394,8,0,1,0,0.6000000000000002,6,1,0.8,4,1
20585,0,394,9,2,0,0,0.0,11,0,-1.0,3,2
20626,0,395,21,3,3,0,0.4999999999999998,22,0,0.0,11,6
20627,1,395,21,0,2,0,0.0,0,2,-1.1,8,2
20656,0,396,15,0,3,0,1.1,11,0,0.0,8,3
20657,1,396,15,1,1,0,0.0,5,2,-1.1,8,2
20756,0,397,50,1,9,3,1.1999999999999993,17,0,1.8,15,10
20757,1,397,50,0,10,0,1.799999999999998,17,0,1.0,16,10
20774,0,398,9,2,1,0,0.5000000000000002,17,0,1.2000000000000002,5,3
20775,1,398,9,0,0,0,0.0,0,2,-1.1,5,0
20874,0,399,50,2,8,0,0.6000000000000005,18,0,0.6,14,10
20875,1,399,50,1,7,0,0.0,5,0,0.0,14,8
20915,1,400,20,0,3,0,0.6000000000000004,6,0,0.0,6,3
20916,0,400,21,0,2,0,0.0,0,0,-1.0,7,2
20993,0,401,39,1,7,0,1.0999999999999992,16,0,-0.4,15,8
20994,1,401,39,1,5,0,0.0,5,0,-1.0,14,6
21011,0,402,9,1,1,0,0.5000000000000002,11,0,0.8,4,2
21012,1,402,9,0,0,0,0.0,0,2,-1.1,4,0
21053,0,403,21,1,4,0,1.1,17,0,0.0,7,5
21054,1,403,21,0,2,0,0.0,0,2,-1.1,9,2
21071,0,404,9,2,1,0,0.5000000000000001,17,0,0.8,3,3
21072,1,404,9,0,0,1,0.0,0,2,-1.1,4,0
21137,0,405,33,0,6,0,1.0999999999999996,10,0,0.0,12,6
21138,1,405,33,1,4,0,0.0,5,2,-1.1,13,5
21201,0,406,32,1,5,1,0.6000000000000005,12,0,0.8,13,6
21202,1,406,32,1,4,0,0.0,5,0,-1.0,9,5
21243,0,407,21,2,4,0,1.0999999999999996,22,0,-0.4,10,6
21244,1,407,21,0,2,1,0.0,0,2,-1.1,8,2
21260,1,408,8,1,1,0,0.6,11,0,0.8,3,2
21261,0,408,9,0,0,1,0.0,0,0,-1.0,5,0
21360,0,409,50,2,9,2,1.1999999999999975,23,0,1.8,12,11
21361,1,409,50,0,7,1,2.498001805406602e-16,0,2,0.9,15,7
21378,0,410,9,2,2,0,1.0999999999999996,22,0,0.8,6,4
21379,1,410,9,0,0,0,0.0,0,2,-1.1,5,0
21407,1,411,14,1,2,0,0.6000000000000003,12,0,0.8,3,3
21408,0,411,15,1,1,0,0.0,5,0,-0.1999999999999999,6,2
21461,0,412,27,1,5,0,1.0999999999999996,16,0,0.0,8,6
21462,1,412,27,1,3,0,0.0,5,2,-1.1,10,4
21503,0,413,21,1,3,0,0.5000000000000004,11,0,0.0,8,4
21504,1,413,21,0,2,0,0.0,0,2,-1.1,7,2
21545,0,414,21,1,3,0,0.5000000000000004,11,0,0.0,6,4
21546,1,414,21,1,2,0,0.0,5,0,-0.1999999999999999,5,3
21562,1,415,8,0,1,0,0.6000000000000002,6,1,0.8,3,1
21563,0,415,9,1,0,0,0.0,5,0,-1.0,5,1
21580,0,416,9,2,1,0,0.5000000000000002,17,0,0.8,4,3
21581,1,416,9,0,0,0,0.0,0,2,-1.1,3,0
21598,0,417,9,1,2,0,1.1,17,1,0.8,5,3
21599,1,417,9,1,0,0,0.0,5,0,-1.0,4,1
21676,0,418,39,1,6,1,0.5000000000000006,11,1,0.8,9,7
21677,1,418,39,0,5,0,0.0,0,2,-1.1,11,5
21718,0,419,21,1,3,0,0.5000000000000001,11,0,-0.4,11,4
21719,1,419,21,1,2,0,0.0,5,0,-1.0,8,3
21748,0,420,15,0,3,0,1.0999999999999996,10,0,0.0,6,3
21749,1,420,15,1,1,0,0.0,5,0,-1.0,7,2
21838,0,421,45,1,7,0,0.500000000000001,11,0,-0.4,12,8
21839,1,421,45,1,6,0,0.0,5,0,-1.0,12,7
21868,0,422,15,1,3,0,1.0999999999999996,16,0,0.8,8,4
21869,1,422,15,0,1,0,0.0,0,0,-1.0,5,1
21932,0,423,32,2,7,1,1.7999999999999985,29,0,0.0,16,9
21933,1,423,32,1,4,2,0.0,5,0,-1.0,11,5
21962,0,424,15,1,3,0,1.0999999999999996,16,0,0.0,8,4
21963,1,424,15,0,1,1,0.0,0,2,-1.1,6,1
21979,1,425,8,0,1,0,0.6000000000000001,6,0,0.0,4,1
21980,0,425,9,1,0,0,0.0,5,0,-1.0,5,1
22021,0,426,21,0,5,0,1.6999999999999995,16,0,0.0,7,5
22022,1,426,21,1,2,0,0.0,5,2,-1.1,6,3
22063,0,427,21,1,3,0,0.5000000000000003,11,0,0.0,8,4
22064,1,427,21,0,2,0,0.0,0,2,-1.1,7,2
22081,0,428,9,1,1,0,0.5000000000000001,11,0,0.0,4,2
22082,1,428,9,0,0,0,0.0,0,0,-1.0,5,0
22111,0,429,15,2,2,0,0.5000000000000003,17,0,0.8,7,4
22112,1,429,15,1,1,0,0.0,5,0,-0.1999999999999999,5,2
22165,0,430,27,1,4,0,0.5000000000000006,11,0,0.8,7,5
22166,1,430,27,0,3,0,0.0,0,0,-1.0,6,3
22207,0,431,21,1,4,1,1.1,17,1,0.8,12,5
22208,1,431,21,1,2,1,0.0,5,0,-1.0,10,3
22225,0,432,9,1,1,0,0.5000000000000001,11,0,0.0,4,2
22226,1,432,9,0,0,0,0.0,0,2,-1.1,4,0
22325,0,433,50,0,8,2,0.6000000000000006,6,1,1.8,13,8
22326,1,433,50,1,9,0,1.1999999999999984,17,0,1.8,11,10
22379,0,434,27,2,5,0,1.0999999999999996,22,0,1.2000000000000002,12,7
22380,1,434,27,1,3,0,0.0,5,0,-1.0,11,4
22433,0,435,27,2,4,0,0.5000000000000006,17,0,-0.4,9,6
22434,1,435,27,0,3,0,0.0,0,2,-1.1,10,3
22463,0,436,15,1,2,0,0.4999999999999998,10,0,0.0,7,3
22464,1,436,15,1,1,0,0.0,5,2,-1.1,7,2
22563,0,437,50,2,10,1,1.7999999999999967,29,0,1.8,14,12
22564,1,437,50,0,9,0,1.1999999999999995,11,0,1.0,13,9
22581,0,438,9,2,2,0,1.0999999999999996,22,0,-0.4,6,4
22582,1,438,9,0,0,0,0.0,0,2,-1.1,4,0
22623,0,439,21,1,3,0,0.5000000000000002,11,0,-0.4,11,4
22624,1,439,21,0,2,0,0.0,0,2,-1.1,8,2
22653,0,440,15,1,2,0,0.5000000000000003,11,0,0.8,5,3
22654,1,440,15,1,1,0,0.0,5,0,-1.0,8,2
22670,1,441,8,0,2,0,1.1999999999999995,11,0,0.0,4,2
22671,0,441,9,1,0,1,0.0,5,0,-0.1999999999999999,3,1
22700,0,442,15,2,2,0,0.5000000000000001,17,0,-0.4,8,4
22701,1,442,15,1,1,0,0.0,5,0,-1.0,7,2
22730,0,443,15,0,2,0,0.5000000000000001,5,1,0.8,6,2
22731,1,443,15,0,1,0,0.0,0,2,-1.1,8,1
22772,0,444,21,1,3,0,0.5000000000000001,11,0,0.0,9,4
22773,1,444,21,1,2,0,0.0,5,0,-0.1999999999999999,8,3
22826,0,445,27,2,4,0,0.5000000000000003,17,0,1.2000000000000002,10,6
22827,1,445,27,0,3,0,0.0,0,2,-1.1,8,3
22856,0,446,15,1,3,0,1.0999999999999996,16,0,0.8,9,4
22857,1,446,15,1,1,0,0.0,5,2,-1.1,7,2
22956,0,447,50,1,8,0,0.6000000000000005,12,0,1.8,12,9
22957,1,447,50,0,8,0,0.6000000000000006,6,1,1.8,11,8
23010,0,448,27,1,5,0,1.0999999999999996,16,0,0.0,10,6
23011,1,448,27,1,3,0,0.0,5,0,-1.0,9,4
23039,1,449,14,0,4,0,1.7999999999999994,17,0,0.0,6,4
23040,0,449,15,1,1,2,0.0,5,0,-0.1999999999999999,8,2
23139,0,450,50,0,8,2,0.5999999999999998,5,2,1.1,21,8
23140,1,450,50,0,10,0,1.7999999999999994,17,2,0.9,18,10
23239,0,451,50,0,11,1,2.399999999999998,23,0,1.0,17,11
23240,1,451,50,0,11,0,2.3999999999999995,23,1,1.4,16,11
23339,0,452,50,1,8,3,0.6000000000000001,12,0,1.8,15,9
23340,1,452,50,0,11,0,2.3999999999999986,23,0,1.0,13,11
23381,0,453,21,2,3,0,0.5000000000000006,17,0,1.2000000000000002,9,5
23382,1,453,21,0,2,0,0.0,0,2,-1.1,8,2
23398,1,454,8,0,1,0,0.6000000000000001,6,0,0.0,4,1
23399,0,454,9,1,0,0,0.0,5,0,-1.0,6,1
23452,0,455,27,1,4,0,0.5000000000000006,11,0,0.0,7,5
23453,1,455,27,1,3,0,0.0,5,0,-0.1999999999999999,9,4
23530,0,456,39,4,7,0,1.0999999999999974,34,0,-0.4,9,11
23531,1,456,39,0,5,0,0.0,0,1,-1.1,14,5
23608,0,457,39,2,7,0,1.0999999999999992,22,0,1.2000000000000002,11,9
23609,1,457,39,1,5,0,0.0,5,0,-1.0,9,6
23650,0,458,21,0,3,0,0.5000000000000003,5,1,0.8,8,3
23651,1,458,21,0,2,0,0.0,0,2,-1.1,6,2
23692,0,459,21,2,4,1,1.0999999999999996,22,0,1.2000000000000002,9,6
23693,1,459,21,1,2,1,0.0,5,0,-1.0,9,3
23792,0,460,50,0,7,2,6.938893903907228e-16,0,1,0.9,8,7
23793,1,460,50,0,9,0,1.1999999999999966,11,0,1.0,6,9
23810,0,461,9,1,2,0,1.0999999999999996,16,0,-0.4,5,3
23811,1,461,9,1,0,1,0.0,5,0,-1.0,4,1
23910,0,462,50,0,9,1,1.2000000000000004,12,1,1.4,12,9
23911,1,462,50,1,9,0,1.1999999999999966,17,0,1.8,10,10
23928,0,463,9,1,1,0,0.5000000000000002,11,0,-0.4,5,2
23929,1,463,9,1,0,0,0.0,5,0,-1.0,6,1
23970,0,464,21,0,4,0,1.1,11,0,0.0,7,4
23971,1,464,21,1,2,0,0.0,5,0,-1.0,9,3
24024,0,465,27,2,5,0,1.0999999999999994,22,0,0.8,8,7
24025,1,465,27,1,3,0,0.0,5,0,-1.0,10,4
24078,0,466,27,1,5,0,1.1,16,0,0.0,11,6
24079,1,466,27,0,3,0,0.0,0,2,-1.1,11,3
24119,1,467,20,0,3,0,0.6000000000000002,6,1,0.8,5,3
24120,0,467,21,1,2,0,0.0,5,0,-0.1999999999999999,6,3
24161,0,468,21,1,4,0,1.1,16,0,0.0,10,5
24162,1,468,21,1,2,0,0.0,5,2,-1.1,11,3
24191,0,469,15,2,2,0,0.5000000000000001,17,0,0.0,5,4
24192,1,469,15,1,1,1,0.0,5,0,-0.1999999999999999,6,2
24245,0,470,27,2,4,1,0.5000000000000006,17,0,1.2000000000000002,11,6
24246,1,470,27,1,3,1,0.0,5,2,-1.1,12,4
24298,1,471,26,0,4,0,0.6000000000000005,6,0,0.0,10,4
24299,0,471,27,1,3,0,0.0,5,2,-1.1,8,4
24316,0,472,9,2,1,0,0.5000000000000002,17,0,0.0,4,3
24317,1,472,9,1,0,0,0.0,5,0,-0.1999999999999999,4,1
24416,0,473,50,0,9,4,1.1999999999999988,11,2,1.1,13,9
24417,1,473,50,1,11,0,2.3999999999999977,29,0,1.8,13,12
24516,0,474,50,1,7,1,6.938893903907228e-16,6,0,1.8,12,8
24517,1,474,50,0,10,0,1.7999999999999985,17,0,1.0,12,10
24534,0,475,9,2,1,0,0.5000000000000001,17,0,-0.4,5,3
24535,1,475,9,1,0,0,0.0,5,2,-1.1,7,1
24552,0,476,9,2,1,0,0.5000000000000002,17,0,1.2000000000000002,5,3
24553,1,476,9,0,0,0,0.0,0,2,-1.1,4,0
24570,0,477,9,2,3,0,1.6999999999999995,28,0,1.2000000000000002,6,5
24571,1,477,9,0,0,1,0.0,0,2,-1.1,5,0
24600,0,478,15,1,3,0,1.0999999999999996,16,0,-0.4,9,4
24601,1,478,15,1,1,0,0.0,5,0,-1.0,6,2
24666,0,479,33,1,5,0,0.5000000000000008,11,0,0.0,9,6
24667,1,479,33,0,4,0,0.0,0,2,-1.1,11,4
24720,0,480,27,1,4,2,0.5000000000000004,11,0,0.0,8,5
24721,1,480,27,0,3,1,0.0,0,2,-1.1,11,3
24749,1,481,14,0,2,0,0.6000000000000003,6,0,0.0,4,2
24750,0,481,15,2,1,0,0.0,11,0,-0.1999999999999999,4,3
24767,0,482,9,1,1,0,0.5000000000000001,11,0,-0.4,5,2
24768,1,482,9,0,0,0,0.0,0,2,-1.1,3,0
24809,0,483,21,1,4,0,1.1,17,0,0.8,8,5
24810,1,483,21,1,2,0,0.0,5,0,-0.1999999999999999,6,3
24909,0,484,50,0,9,2,1.2000000000000004,12,1,1.4,10,9
24910,1,484,50,0,11,0,2.3999999999999964,23,1,1.8,10,11
24951,0,485,21,1,4,0,1.1,17,1,0.8,9,5
24952,1,485,21,1,2,0,0.0,5,0,-1.0,5,3
24980,1,486,14,0,2,0,0.6000000000000003,6,0,0.0,5,2
24981,0,486,15,2,1,0,0.0,11,0,-0.1999999999999999,6,3
25044,0,487,32,2,8,0,2.3999999999999986,35,0,-0.4,14,10
25045,1,487,32,1,4,1,0.0,5,0,-1.0,15,5
25074,0,488,15,2,2,0,0.5,17,0,0.0,7,4
25075,1,488,15,1,1,0,0.0,5,2,-1.1,6,2
25116,0,489,21,0,4,0,1.1,11,0,0.0,12,4
25117,1,489,21,0,2,0,0.0,0,0,-1.0,9,2
25216,0,490,50,0,9,2,1.1999999999999995,11,0,1.0,16,9
25217,1,490,50,0,11,0,2.399999999999998,23,1,1.8,16,11
25282,0,491,33,1,5,0,0.5000000000000006,11,0,-0.4,13,6
25283,1,491,33,0,4,0,0.0,0,2,-1.1,15,4
25324,0,492,21,2,4,0,1.0999999999999992,22,0,-0.4,9,6
25325,1,492,21,0,2,1,0.0,0,1,-1.1,8,2
25424,0,493,50,0,8,4,0.6000000000000001,6,0,1.0,14,8
25425,1,493,50,0,10,0,1.7999999999999972,17,0,1.0,12,10
25524,0,494,50,1,8,3,0.5999999999999989,11,0,1.8,16,9
25525,1,494,50,0,11,0,2.399999999999997,23,0,1.0,13,11
25578,0,495,27,1,5,1,1.0999999999999992,16,0,0.0,9,6
25579,1,495,27,0,3,0,0.0,0,2,-1.1,9,3
25608,0,496,15,1,3,0,1.1,16,0,-0.4,7,4
25609,1,496,15,1,1,0,0.0,5,0,-1.0,7,2
25626,0,497,9,2,1,0,0.5000000000000001,17,0,0.8,4,3
25627,1,497,9,0,0,0,0.0,0,2,-1.1,4,0
25668,0,498,21,1,4,0,1.1000000000000003,17,0,-0.4,9,5
25669,1,498,21,1,2,0,0.0,5,0,-1.0,6,3
25768,0,499,50,1,11,2,2.399999999999997,29,0,1.0,17,12
25769,1,499,50,1,10,0,1.799999999999999,23,0,1.8,17,11
25810,0,500,21,3,3,0,0.4999999999999998,22,0,0.8,9,6
25811,1,500,21,1,2,0,0.0,5,0,-0.1999999999999999,7,3
25863,1,501,26,1,3,0,4.718447854656915e-16,6,0,0.0,8,4
25864,0,501,27,1,3,0,0.0,5,0,-0.1999999999999999,8,4
25881,0,502,9,1,2,0,1.0999999999999996,16,0,-0.4,4,3
25882,1,502,9,1,0,1,0.0,5,0,-0.1999999999999999,4,1
25981,0,503,50,1,10,1,1.7999999999999976,23,0,1.0,13,11
25982,1,503,50,0,8,1,0.5999999999999993,5,0,1.0,14,8
25999,0,504,9,2,2,0,1.0999999999999996,22,0,1.2000000000000002,5,4
26000,1,504,9,1,0,1,0.0,5,0,-0.1999999999999999,3,1
26099,0,505,50,1,8,0,0.6000000000000011,12,0,1.0,11,9
26100,1,505,50,0,8,0,0.6000000000000009,6,1,1.8,10,8
26141,0,506,21,2,3,0,0.5000000000000003,17,0,0.8,6,5
26142,1,506,21,1,2,0,0.0,5,0,-0.1999999999999999,7,3
26159,0,507,9,3,1,0,0.5000000000000001,22,0,0.8,2,4
26160,1,507,9,0,0,1,0.0,0,2,-1.1,4,0
26177,0,508,9,1,1,0,0.5000000000000002,11,0,0.0,6,2
26178,1,508,9,0,0,0,0.0,0,2,-1.1,5,0
26267,0,509,45,2,8,1,1.0999999999999996,22,0,1.2000000000000002,17,10
26268,1,509,45,1,6,1,0.0,5,0,-0.1999999999999999,16,7
26297,0,510,15,1,2,0,0.5000000000000003,11,0,0.8,5,3
26298,1,510,15,1,1,0,0.0,5,0,-0.1999999999999999,4,2
26397,0,511,50,2,11,1,2.399999999999997,35,0,1.8,19,13
26398,1,511,50,0,9,2,1.1999999999999988,11,0,1.0,17,9
26497,0,512,50,0,8,3,0.6000000000000008,6,2,1.1,15,8
26498,1,512,50,1,8,1,0.6000000000000004,12,0,1.0,16,9
26597,0,513,50,0,8,2,0.6000000000000001,6,0,1.0,15,8
26598,1,513,50,0,11,0,2.399999999999999,23,0,1.0,15,11
26697,0,514,50,1,11,1,2.3999999999999977,29,0,1.0,20,12
26698,1,514,50,1,8,1,0.5999999999999998,11,0,1.8,15,9
26714,1,515,8,0,1,0,0.6000000000000002,6,1,-0.1,5,1
26715,0,515,9,1,0,0,0.0,5,0,-0.1999999999999999,3,1
26756,0,516,21,1,3,0,0.5000000000000001,11,0,-0.4,11,4
26757,1,516,21,1,2,0,0.0,5,0,-1.0,7,3
26834,0,517,39,0,6,1,0.5000000000000002,5,1,0.8,12,6
26835,1,517,39,0,5,0,0.0,0,2,-1.1,14,5
26900,0,518,33,1,5,0,0.5000000000000007,11,0,0.0,11,6
26901,1,518,33,1,4,0,0.0,5,2,-1.1,10,5
26918,0,519,9,2,1,0,0.5000000000000001,17,0,1.2000000000000002,5,3
26919,1,519,9,1,0,0,0.0,5,0,-0.1999999999999999,4,1
27018,0,520,50,1,8,0,0.600000000000001,12,0,1.0,11,9
27019,1,520,50,0,8,0,0.6000000000000008,6,1,0.9,12,8
27118,0,521,50,0,10,3,1.799999999999998,17,0,1.0,11,10
27119,1,521,50,0,12,0,2.9999999999999964,29,0,1.0,11,12
27160,0,522,21,3,3,0,0.5000000000000003,23,0,1.2000000000000002,7,6
27161,1,522,21,1,2,0,0.0,5,0,-0.1999999999999999,6,3
27238,0,523,39,2,9,0,2.2999999999999985,34,0,0.0,19,11
27239,1,523,39,1,5,1,0.0,5,0,-1.0,16,6
27268,0,524,15,0,2,0,0.5000000000000003,5,0,0.0,6,2
27269,1,524,15,1,1,0,0.0,5,0,-0.1999999999999999,5,2
27286,0,525,9,0,1,0,0.5000000000000002,5,2,-0.1,6,1
27287,1,525,9,0,0,0,0.0,0,2,-1.1,4,0
27328,0,526,21,1,4,0,1.1,16,0,-0.4,11,5
27329,1,526,21,1,2,0,0.0,5,0,-1.0,9,3
27346,0,527,9,2,1,0,0.5000000000000001,17,0,1.2000000000000002,5,3
27347,1,527,9,1,0,0,0.0,5,0,-0.1999999999999999,3,1
27387,1,528,20,0,3,0,0.6000000000000003,6,0,0.0,11,3
27388,0,528,21,1,2,0,0.0,5,0,-0.1999999999999999,8,3
27417,0,529,15,1,3,0,1.0999999999999996,16,0,0.8,8,4
27418,1,529,15,0,1,0,0.0,0,2,-1.1,5,1
27471,0,530,27,2,4,0,0.4999999999999998,16,0,0.0,8,6
27472,1,530,27,1,3,0,0.0,5,0,-1.0,9,4
27501,0,531,15,2,2,0,0.5000000000000002,17,1,0.8,6,4
27502,1,531,15,0,1,0,0.0,0,2,-1.1,7,1
27591,0,532,45,1,8,1,1.0999999999999996,16,0,0.8,13,9
27592,1,532,45,1,6,0,0.0,5,2,-1.1,12,7
27633,0,533,21,2,3,0,0.5000000000000003,17,0,-0.4,8,5
27634,1,533,21,1,2,0,0.0,5,0,-1.0,8,3
27675,0,534,21,1,4,0,1.1,17,0,0.8,10,5
27676,1,534,21,0,2,0,0.0,0,2,-1.1,10,2
27705,0,535,15,2,2,0,0.5000000000000001,17,0,-0.4,5,4
27706,1,535,15,0,1,0,0.0,0,2,-1.1,6,1
27735,0,536,15,0,4,1,1.6999999999999993,16,0,0.0,7,4
27736,1,536,15,1,1,1,0.0,5,0,-1.0,5,2
27765,0,537,15,3,2,0,0.5000000000000001,22,0,0.8,6,5
27766,1,537,15,0,1,0,0.0,0,1,-1.1,7,1
27794,1,538,14,0,2,0,0.6000000000000002,6,1,0.8,5,2
27795,0,538,15,1,1,0,0.0,5,0,-0.1999999999999999,7,2
27823,1,539,14,0,1,0,1.3877787807814454e-16,0,0,0.0,4,1
27824,0,539,15,2,1,0,0.0,11,0,-1.0,6,3
27853,0,540,15,2,3,0,1.0999999999999996,22,0,0.0,6,5
27854,1,540,15,0,1,0,0.0,0,2,-1.1,6,1
27895,0,541,21,1,4,0,1.0999999999999996,16,0,0.0,8,5
27896,1,541,21,0,2,0,0.0,0,2,-1.1,10,2
27925,0,542,15,2,2,0,0.5,17,0,1.2000000000000002,7,4
27926,1,542,15,0,1,0,0.0,0,2,-1.1,7,1
28025,0,543,50,1,11,0,2.399999999999998,29,1,1.8,18,12
28026,1,543,50,1,9,0,1.1999999999999995,17,0,1.8,16,10
28067,0,544,21,2,4,0,1.0999999999999992,22,0,0.8,12,6
28068,1,544,21,0,2,1,0.0,0,1,-1.1,8,2
28121,0,545,27,2,5,0,1.0999999999999992,22,0,-0.4,12,7
28122,1,545,27,1,3,1,0.0,5,0,-1.0,10,4
28163,0,546,21,1,4,0,1.0999999999999996,16,0,0.0,9,5
28164,1,546,21,0,2,0,0.0,0,2,-1.1,8,2
28181,0,547,9,1,1,0,0.5000000000000001,11,1,0.8,5,2
28182,1,547,9,0,0,0,0.0,0,2,-1.1,4,0
28281,0,548,50,1,8,0,0.6000000000000005,12,0,1.0,11,9
28282,1,548,50,0,8,0,0.6000000000000009,6,1,1.8,11,8
28311,0,549,15,0,2,0,0.5000000000000003,5,0,0.0,5,2
28312,1,549,15,0,1,0,0.0,0,0,-1.0,7,1
28329,0,550,9,1,2,0,1.1,16,0,0.0,5,3
28330,1,550,9,1,0,1,0.0,5,0,-1.0,4,1
28347,0,551,9,1,3,0,1.6999999999999995,22,0,0.0,4,4
28348,1,551,9,1,0,1,0.0,5,0,-1.0,4,1
28413,0,552,33,2,5,0,0.5,17,0,0.0,10,7
28414,1,552,33,1,4,0,0.0,5,0,-0.1999999999999999,8,5
28442,1,553,14,0,2,0,0.6000000000000002,6,1,0.8,7,2
28443,0,553,15,2,1,0,0.0,11,0,-1.0,3,3
28542,0,554,50,1,12,0,2.999999999999998,35,0,1.8,15,13
28543,1,554,50,0,9,1,1.1999999999999984,11,0,1.0,16,9
28584,0,555,21,1,4,0,1.0999999999999996,16,0,0.0,9,5
28585,1,555,21,0,2,1,0.0,0,2,-1.1,11,2
28684,0,556,50,0,9,3,1.1999999999999993,11,2,1.9,14,9
28685,1,556,50,0,9,1,1.2000000000000002,12,0,1.0,16,9
28702,0,557,9,2,2,0,1.0999999999999996,22,0,0.8,5,4
28703,1,557,9,1,0,1,0.0,5,0,-1.0,4,1
28780,0,558,39,2,7,0,1.0999999999999983,22,0,0.0,11,9
28781,1,558,39,0,5,0,0.0,0,2,-1.1,12,5
28834,0,559,27,1,5,0,1.0999999999999994,16,0,-0.4,11,6
28835,1,559,27,1,3,0,0.0,5,0,-1.0,9,4
28852,0,560,9,0,3,0,1.6999999999999995,16,0,0.0,5,3
28853,1,560,9,1,0,1,0.0,5,2,-1.1,6,1
28882,0,561,15,0,2,0,0.5000000000000003,5,0,0.0,3,2
28883,1,561,15,0,1,0,0.0,0,0,-1.0,3,1
28982,0,562,50,1,8,1,0.6000000000000001,12,0,1.0,14,9
28983,1,562,50,0,8,0,0.6000000000000006,6,1,1.8,13,8
29048,0,563,33,3,6,0,1.0999999999999992,28,0,0.8,13,9
29049,1,563,33,0,4,1,0.0,0,1,-1.1,13,4
29126,0,564,39,2,7,2,1.0999999999999996,22,0,0.8,17,9
29127,1,564,39,1,5,2,0.0,5,0,-1.0,13,6
29144,0,565,9,1,1,0,0.5000000000000002,11,0,0.8,4,2
29145,1,565,9,1,0,0,0.0,5,0,-0.1999999999999999,3,1
29197,1,566,26,1,3,0,3.6082248300317592e-16,6,0,0.8,9,4
29198,0,566,27,2,3,0,0.0,11,0,-0.1999999999999999,13,5
29273,0,567,38,2,6,2,0.5999999999999993,17,0,0.0,16,8
29274,1,567,38,0,5,2,0.0,0,2,-1.1,14,5
29303,0,568,15,0,2,0,0.5000000000000002,5,0,0.0,7,2
29304,1,568,15,1,1,0,0.0,5,0,-0.1999999999999999,5,2
29393,0,569,45,0,9,0,1.7000000000000002,17,0,0.0,14,9
29394,1,569,45,1,6,0,0.0,5,0,-1.0,9,7
29423,0,570,15,0,3,0,1.1,11,1,0.8,10,3
29424,1,570,15,0,1,0,0.0,0,2,-1.1,7,1
29523,0,571,50,1,11,0,2.3999999999999995,29,1,1.8,14,12
29524,1,571,50,1,8,0,0.6000000000000005,12,0,0.6,15,9
29553,0,572,15,1,2,0,0.5000000000000001,11,0,0.0,6,3
29554,1,572,15,1,1,0,0.0,5,0,-1.0,7,2
29583,0,573,15,1,2,0,0.5000000000000002,11,0,0.8,5,3
29584,1,573,15,0,1,0,0.0,0,0,-1.0,3,1
29661,0,574,39,2,8,0,1.6999999999999988,28,0,-0.4,15,10
29662,1,574,39,1,5,0,0.0,5,0,-1.0,9,6
29679,0,575,9,0,2,0,1.1,10,0,0.0,6,2
29680,1,575,9,1,0,0,0.0,5,0,-1.0,4,1
29709,0,576,15,0,3,0,1.0999999999999996,10,0,0.0,9,3
29710,1,576,15,0,1,0,0.0,0,0,-1.0,6,1
29726,1,577,8,0,1,0,0.6000000000000002,6,2,-0.1,4,1
29727,0,577,9,1,0,0,0.0,5,0,-1.0,3,1
29744,0,578,9,1,1,0,0.5000000000000002,11,0,-0.4,6,2
29745,1,578,9,1,0,0,0.0,5,2,-1.1,6,1
29786,0,579,21,0,5,0,1.7000000000000002,17,1,0.8,8,5
29787,1,579,21,1,2,0,0.0,5,2,-1.1,11,3
29816,0,580,15,1,3,0,1.1,16,0,0.0,6,4
29817,1,580,15,1,1,0,0.0,5,0,-1.0,5,2
29869,1,581,26,0,6,0,1.7999999999999994,17,0,0.0,10,6
29870,0,581,27,0,3,1,0.0,0,2,-1.1,10,3
29899,0,582,15,1,4,0,1.6999999999999995,22,0,-0.4,8,5
29900,1,582,15,1,1,1,0.0,5,0,-1.0,8,2
29929,0,583,15,0,3,0,1.1,11,1,-0.1,10,3
29930,1,583,15,1,1,0,0.0,5,0,-1.0,7,2
30029,0,584,50,0,9,2,1.1999999999999986,11,0,1.0,19,9
30030,1,584,50,0,11,0,2.399999999999999,23,1,1.8,16,11
30107,0,585,39,1,8,0,1.7000000000000002,23,0,0.8,14,9
30108,1,585,39,1,5,0,0.0,5,0,-1.0,11,6
30137,0,586,15,1,2,0,0.5000000000000003,11,0,0.0,5,3
30138,1,586,15,1,1,0,0.0,5,0,-1.0,7,2
30155,0,587,9,1,1,0,0.5000000000000002,11,0,0.8,4,2
30156,1,587,9,0,0,0,0.0,0,0,-1.0,4,0
30173,0,588,9,1,2,0,1.0999999999999996,16,0,-0.4,6,3
30174,1,588,9,0,0,1,0.0,0,2,-1.1,5,0
30263,0,589,45,0,8,0,1.1000000000000003,11,0,0.0,11,8
30264,1,589,45,0,6,0,0.0,0,0,-1.0,8,6
30281,0,590,9,1,1,0,0.5000000000000001,11,1,0.8,5,2
30282,1,590,9,1,0,0,0.0,5,0,-1.0,5,1
30311,0,591,15,1,3,0,1.0999999999999996,16,0,0.8,10,4
30312,1,591,15,1,1,0,0.0,5,2,-1.1,8,2
30341,0,592,15,2,2,0,0.5000000000000001,17,0,0.0,6,4
30342,1,592,15,0,1,0,0.0,0,2,-1.1,8,1
30383,0,593,21,2,3,0,0.5000000000000004,17,0,0.0,8,5
30384,1,593,21,0,2,0,0.0,0,0,-1.0,8,2
30483,0,594,50,1,8,1,0.6000000000000005,12,0,1.8,16,9
30484,1,594,50,0,9,0,1.1999999999999988,11,2,0.9,14,9
30501,0,595,9,1,1,0,0.5000000000000001,11,0,0.0,4,2
30502,1,595,9,1,0,0,0.0,5,0,-0.1999999999999999,5,1
30531,0,596,15,1,2,0,0.5000000000000002,11,1,0.8,6,3
30532,1,596,15,0,1,0,0.0,0,0,-1.0,5,1
30549,0,597,9,1,2,0,1.1,17,1,0.8,4,3
30550,1,597,9,1,0,0,0.0,5,0,-1.0,6,1
30602,1,598,26,1,5,0,1.1999999999999984,17,0,0.0,7,6
30603,0,598,27,0,3,2,0.0,0,0,-1.0,8,3
30678,0,599,38,1,9,1,2.3999999999999977,29,0,0.0,15,10
30679,1,599,38,1,5,1,0.0,5,0,-1.0,12,6
30732,0,600,27,2,5,0,1.0999999999999996,22,0,0.0,7,7
30733,1,600,27,0,3,0,0.0,0,2,-1.1,10,3
30832,0,601,50,0,9,1,1.199999999999998,11,0,1.0,14,9
30833,1,601,50,0,11,0,2.3999999999999986,23,0,1.0,16,11
30885,1,602,26,1,3,1,3.6082248300317592e-16,6,0,0.0,11,4
30886,0,602,27,0,3,1,0.0,0,0,-1.0,12,3
30951,0,603,33,0,5,0,0.5000000000000006,5,1,0.8,9,5
30952,1,603,33,0,4,0,0.0,0,2,-1.1,10,4
31005,0,604,27,4,4,1,0.4999999999999998,28,0,0.8,10,8
31006,1,604,27,0,3,1,0.0,0,2,-1.1,14,3
31083,0,605,39,0,7,1,1.1,11,0,0.0,14,7
31084,1,605,39,1,5,0,0.0,5,2,-1.1,15,6
31137,0,606,27,2,4,0,0.5000000000000001,17,0,-0.4,14,6
31138,1,606,27,1,3,0,0.0,5,0,-1.0,12,4
31237,0,607,50,0,9,2,1.1999999999999995,11,1,1.4,10,9
31238,1,607,50,1,11,0,2.399999999999997,29,0,1.8,11,12
31255,0,608,9,0,2,0,1.1,11,0,0.0,6,2
31256,1,608,9,0,0,0,0.0,0,0,-1.0,5,0
31321,0,609,33,0,8,0,2.299999999999999,22,0,0.0,11,8
31322,1,609,33,1,4,0,0.0,5,0,-1.0,11,5
31399,0,610,39,1,7,0,1.0999999999999996,16,0,0.0,11,8
31400,1,610,39,1,5,0,0.0,5,0,-1.0,9,6
31453,0,611,27,0,5,0,1.1,11,2,-0.1,12,5
31454,1,611,27,1,3,0,0.0,5,0,-1.0,10,4
31541,0,612,44,2,9,2,1.7999999999999985,29,0,-0.4,20,11
31542,1,612,44,1,6,1,0.0,5,0,-1.0,18,7
31559,0,613,9,1,2,0,1.1,17,1,0.8,5,3
31560,1,613,9,1,0,0,0.0,5,0,-1.0,4,1
31612,1,614,26,1,3,0,3.6082248300317592e-16,6,0,0.8,10,4
31613,0,614,27,2,3,0,0.0,11,0,-0.1999999999999999,11,5
31642,0,615,15,1,2,0,0.5000000000000002,11,1,0.8,6,3
31643,1,615,15,0,1,0,0.0,0,2,-1.1,8,1
31684,0,616,21,2,3,0,0.5000000000000003,17,0,0.0,7,5
31685,1,616,21,1,2,0,0.0,5,0,-0.1999999999999999,8,3
31750,0,617,33,2,5,0,0.5000000000000001,17,0,-0.4,11,7
31751,1,617,33,1,4,0,0.0,5,2,-1.1,9,5
31850,0,618,50,1,8,2,0.6000000000000005,12,0,1.8,17,9
31851,1,618,50,0,10,0,1.799999999999999,17,0,1.0,16,10
31892,0,619,21,2,4,0,1.0999999999999996,22,0,0.8,9,6
31893,1,619,21,0,2,1,0.0,0,1,-1.1,9,2
31910,0,620,9,2,1,0,0.5000000000000002,17,0,1.2000000000000002,5,3
31911,1,620,9,1,0,0,0.0,5,0,-0.1999999999999999,4,1
31928,0,621,9,1,1,0,0.5000000000000002,11,0,0.0,5,2
31929,1,621,9,1,0,0,0.0,5,0,-0.1999999999999999,6,1
32028,0,622,50,1,9,0,1.1999999999999995,17,0,1.0,14,10
32029,1,622,50,1,7,0,6.938893903907228e-16,6,0,1.0,10,8
32045,1,623,8,0,1,0,0.6000000000000001,6,0,0.0,4,1
32046,0,623,9,2,0,0,0.0,11,0,-0.1999999999999999,4,2
32099,0,624,27,2,5,0,1.0999999999999992,22,0,-0.4,9,7
32100,1,624,27,0,3,1,0.0,0,2,-1.1,13,3
32141,0,625,21,0,4,0,1.1,11,2,-0.1,10,4
32142,1,625,21,0,2,0,0.0,0,0,-1.0,7,2
32183,0,626,21,2,3,1,0.5000000000000002,17,0,-0.4,8,5
32184,1,626,21,1,2,0,0.0,5,0,-0.1999999999999999,7,3
32213,0,627,15,1,3,0,1.0999999999999996,16,0,0.8,6,4
32214,1,627,15,1,1,0,0.0,5,2,-1.1,6,2
32279,0,628,33,3,7,0,1.6999999999999984,34,0,0.0,13,10
32280,1,628,33,0,4,1,0.0,0,2,-1.1,14,4
32321,0,629,21,1,3,0,0.5000000000000001,11,0,-0.4,8,4
32322,1,629,21,1,2,0,0.0,5,0,-0.1999999999999999,6,3
32387,0,630,33,1,6,0,1.0999999999999996,16,0,-0.4,11,7
32388,1,630,33,1,4,0,0.0,5,0,-1.0,8,5
32487,0,631,50,0,7,2,6.938893903907228e-16,0,0,1.0,12,7
32488,1,631,50,0,10,0,1.7999999999999972,17,0,1.0,10,10
32587,0,632,50,1,8,2,0.6000000000000005,12,0,1.8,11,9
32588,1,632,50,0,11,0,2.399999999999997,23,0,1.0,13,11
32605,0,633,9,1,1,0,0.5000000000000002,11,0,0.8,6,2
32606,1,633,9,0,0,0,0.0,0,2,-1.1,4,0
32695,0,634,45,0,7,0,0.5000000000000007,5,1,0.8,12,7
32696,1,634,45,0,6,0,0.0,0,2,-1.1,10,6
32795,0,635,50,1,9,1,1.1999999999999995,17,0,1.8,15,10
32796,1,635,50,0,12,0,2.999999999999998,29,1,1.8,19,12
32837,0,636,21,2,3,0,0.5000000000000003,17,0,1.2000000000000002,8,5
32838,1,636,21,1,2,0,0.0,5,0,-1.0,6,3
32854,1,637,8,0,1,0,0.6000000000000001,6,0,0.0,3,1
32855,0,637,9,2,0,0,0.0,11,0,-0.1999999999999999,5,2
32872,0,638,9,1,1,0,0.5000000000000001,11,0,-0.4,5,2
32873,1,638,9,1,0,0,0.0,5,0,-0.1999999999999999,5,1
32972,0,639,50,0,11,2,2.3999999999999986,23,0,1.0,23,11
32973,1,639,50,1,9,1,1.199999999999999,17,1,1.4,19,10
33014,0,640,21,1,4,0,1.1,17,1,0.8,11,5
33015,1,640,21,1,2,0,0.0,5,2,-1.1,10,3
33056,0,641,21,1,3,0,0.5000000000000003,11,1,0.8,7,4
33057,1,641,21,1,2,0,0.0,5,0,-0.1999999999999999,7,3
33098,0,642,21,0,3,0,0.5000000000000003,5,0,0.0,9,3
33099,1,642,21,1,2,0,0.0,5,0,-0.1999999999999999,5,3
33198,0,643,50,0,8,3,0.6000000000000003,6,0,1.0,11,8
33199,1,643,50,0,11,0,2.399999999999997,23,0,1.0,13,11
33228,0,644,15,1,3,0,1.1,17,0,-0.4,7,4
33229,1,644,15,1,1,0,0.0,5,0,-1.0,7,2
33270,0,645,21,3,3,0,0.5000000000000004,23,0,1.2000000000000002,10,6
33271,1,645,21,0,2,0,0.0,0,2,-1.1,8,2
33300,0,646,15,1,2,0,0.5000000000000003,11,0,0.0,10,3
33301,1,646,15,1,1,0,0.0,5,0,-0.1999999999999999,6,2
33400,0,647,50,0,10,3,1.7999999999999976,17,0,1.0,11,10
33401,1,647,50,0,11,2,2.399999999999997,23,0,1.0,12,11
33500,0,648,50,2,8,1,0.5999999999999984,17,0,1.8,14,10
33501,1,648,50,0,8,1,0.6,5,0,1.0,16,8
33542,0,649,21,3,3,0,0.5,22,0,-0.4,10,6
33543,1,649,21,0,2,0,0.0,0,2,-1.1,7,2
33642,0,650,50,0,9,3,1.1999999999999993,11,0,1.0,11,9
33643,1,650,50,1,11,1,2.399999999999997,29,0,1.0,12,12
33660,0,651,9,1,2,0,1.0999999999999996,16,0,-0.4,7,3
33661,1,651,9,1,0,0,0.0,5,0,-1.0,6,1
33690,0,652,15,1,2,0,0.5000000000000002,11,1,0.8,8,3
33691,1,652,15,1,1,0,0.0,5,0,-0.1999999999999999,6,2
33720,0,653,15,1,4,0,1.6999999999999995,22,0,0.0,8,5
33721,1,653,15,1,1,1,0.0,5,0,-1.0,9,2
33738,0,654,9,1,1,0,0.5000000000000001,11,0,0.8,3,2
33739,1,654,9,1,0,0,0.0,5,0,-0.1999999999999999,3,1
33780,0,655,21,0,3,0,0.5000000000000002,5,1,0.8,10,3
33781,1,655,21,0,2,0,0.0,0,2,-1.1,10,2
33822,0,656,21,2,3,0,0.5000000000000003,17,0,0.8,6,5
33823,1,656,21,0,2,0,0.0,0,2,-1.1,8,2
33864,0,657,21,3,4,0,1.0999999999999996,28,0,1.2000000000000002,10,7
33865,1,657,21,0,2,1,0.0,0,1,-1.1,10,2
33964,0,658,50,1,11,0,2.399999999999998,29,1,1.8,13,12
33965,1,658,50,1,9,0,1.1999999999999988,17,0,1.8,15,10
34064,0,659,50,1,8,3,0.5999999999999998,11,0,1.8,13,9
34065,1,659,50,0,10,0,1.799999999999998,17,0,1.0,14,10
34082,0,660,9,1,1,0,0.5000000000000001,11,0,-0.4,4,2
34083,1,660,9,0,0,0,0.0,0,2,-1.1,3,0
34100,0,661,9,0,2,0,1.1,11,0,0.0,5,2
34101,1,661,9,0,0,0,0.0,0,2,-1.1,5,0
34200,0,662,50,0,10,1,1.799999999999999,17,1,1.4,8,10
34201,1,662,50,1,10,0,1.7999999999999967,23,0,1.8,8,11
34218,0,663,9,2,1,0,0.5000000000000002,17,0,0.8,6,3
34219,1,663,9,0,0,0,0.0,0,2,-1.1,6,0
34248,0,664,15,0,2,0,0.5000000000000003,5,0,0.0,8,2
34249,1,664,15,1,1,0,0.0,5,0,-0.1999999999999999,7,2
34302,0,665,27,2,4,0,0.5000000000000006,17,0,1.2000000000000002,9,6
34303,1,665,27,1,3,0,0.0,5,0,-1.0,9,4
34402,0,666,50,1,7,1,8.049116928532385e-16,6,0,1.8,9,8
34403,1,666,50,1,9,0,1.1999999999999975,17,0,1.8,8,10
34491,1,667,44,1,6,0,6.938893903907228e-16,6,0,0.0,11,7
34492,0,667,45,1,6,0,0.0,5,0,-0.1999999999999999,13,7
34591,0,668,50,2,9,1,1.1999999999999995,23,0,1.8,15,11
34592,1,668,50,1,7,0,4.718447854656915e-16,6,0,1.0,16,8
34621,0,669,15,0,2,0,0.5000000000000002,5,1,0.8,7,2
34622,1,669,15,0,1,0,0.0,0,2,-1.1,6,1
34639,0,670,9,1,1,0,0.5000000000000002,11,0,0.0,5,2
34640,1,670,9,0,0,0,0.0,0,2,-1.1,5,0
34693,0,671,27,1,5,0,1.0999999999999996,16,0,-0.4,12,6
34694,1,671,27,1,3,1,0.0,5,0,-1.0,10,4
34793,0,672,50,1,8,0,0.6000000000000001,12,0,1.0,13,9
34794,1,672,50,1,7,0,6.938893903907228e-16,6,0,1.8,11,8
34811,0,673,9,3,1,0,0.5000000000000001,22,0,0.8,4,4
34812,1,673,9,0,0,0,0.0,0,2,-1.1,4,0
34865,0,674,27,0,5,0,1.1,11,0,0.0,9,5
34866,1,674,27,1,3,0,0.0,5,0,-1.0,8,4
34895,0,675,15,1,3,0,1.1,16,0,-0.4,6,4
34896,1,675,15,1,1,0,0.0,5,0,-1.0,7,2
34925,0,676,15,0,3,0,1.1,10,0,0.0,9,3
34926,1,676,15,0,1,0,0.0,0,0,-1.0,6,1
35025,0,677,50,0,9,0,1.2000000000000002,12,0,1.0,17,9
35026,1,677,50,1,8,0,0.6000000000000005,12,0,1.8,13,9
35125,0,678,50,1,9,2,1.199999999999998,17,0,1.8,9,10
35126,1,678,50,0,11,0,2.399999999999997,23,1,0.9,12,11
35225,0,679,50,1,8,2,0.6,11,0,1.8,17,9
35226,1,679,50,0,9,0,1.1999999999999995,11,1,1.8,14,9
35279,0,680,27,1,4,0,0.5000000000000004,11,0,0.0,10,5
35280,1,680,27,1,3,0,0.0,5,0,-1.0,9,4
35357,0,681,39,1,8,0,1.6999999999999984,22,0,-0.4,11,9
35358,1,681,39,1,5,0,0.0,5,0,-1.0,12,6
35386,1,682,14,0,2,0,0.6000000000000003,6,0,0.0,5,2
35387,0,682,15,2,1,0,0.0,11,0,-0.1999999999999999,6,3
35486,0,683,50,0,8,1,0.6000000000000006,6,0,1.0,13,8
35487,1,683,50,0,11,0,2.3999999999999977,23,0,1.0,14,11
35504,0,684,9,1,1,0,0.5000000000000002,11,0,0.8,3,2
35505,1,684,9,0,0,0,0.0,0,2,-1.1,5,0
35534,0,685,15,0,4,0,1.7000000000000002,17,1,0.8,7,4
35535,1,685,15,1,1,0,0.0,5,0,-1.0,8,2
35552,0,686,9,2,1,0,0.5000000000000001,17,0,-0.4,5,3
35553,1,686,9,0,0,0,0.0,0,2,-1.1,3,0
35618,0,687,33,1,5,0,0.5000000000000006,11,0,0.8,9,6
35619,1,687,33,0,4,0,0.0,0,2,-1.1,11,4
35648,0,688,15,0,3,0,1.1,11,0,0.0,8,3
35649,1,688,15,1,1,0,0.0,5,0,-1.0,6,2
35666,0,689,9,1,3,0,1.6999999999999995,22,0,-0.4,5,4
35667,1,689,9,1,0,1,0.0,5,2,-1.1,6,1
35696,0,690,15,0,4,0,1.6999999999999995,16,0,0.0,8,4
35697,1,690,15,1,1,0,0.0,5,0,-1.0,7,2
35714,0,691,9,1,2,0,1.0999999999999996,16,0,-0.4,6,3
35715,1,691,9,1,0,0,0.0,5,2,-1.1,4,1
35732,0,692,9,1,1,0,0.5000000000000001,11,1,0.8,5,2
35733,1,692,9,0,0,0,0.0,0,2,-1.1,4,0
35832,0,693,50,1,10,1,1.799999999999999,23,0,1.0,12,11
35833,1,693,50,0,8,2,0.599999999999998,5,0,1.0,15,8
35932,0,694,50,0,9,2,1.2000000000000004,12,1,1.4,15,9
35933,1,694,50,0,11,0,2.3999999999999986,23,0,1.0,16,11
36020,0,695,44,1,8,1,1.1999999999999995,17,0,-0.4,17,9
36021,1,695,44,0,6,1,0.0,0,2,-1.1,13,6
36062,0,696,21,1,3,0,0.4999999999999999,10,0,0.0,12,4
36063,1,696,21,0,2,0,0.0,0,2,-1.1,10,2
36092,0,697,15,2,3,0,1.0999999999999996,22,0,1.2000000000000002,10,5
36093,1,697,15,1,1,0,0.0,5,0,-1.0,8,2
36134,0,698,21,2,3,0,0.5000000000000001,17,0,-0.4,9,5
36135,1,698,21,1,2,0,0.0,5,0,-1.0,11,3
36188,0,699,27,1,7,0,2.2999999999999985,28,1,0.8,6,8
36189,1,699,27,1,3,1,0.0,5,2,-1.1,8,4
36242,0,700,27,1,5,0,1.1000000000000003,17,1,0.8,8,6
36243,1,700,27,1,3,0,0.0,5,0,-1.0,8,4
36272,0,701,15,1,2,0,0.5000000000000002,11,0,0.0,6,3
36273,1,701,15,1,1,0,0.0,5,0,-0.1999999999999999,5,2
36314,0,702,21,2,4,0,1.1,22,0,1.2000000000000002,11,6
36315,1,702,21,1,2,0,0.0,5,0,-1.0,10,3
36368,0,703,27,2,4,1,0.5000000000000001,17,0,1.2000000000000002,13,6
36369,1,703,27,0,3,0,0.0,0,2,-1.1,15,3
36468,0,704,50,0,12,1,2.9999999999999973,29,1,1.4,17,12
36469,1,704,50,0,12,0,3.0,29,0,1.0,22,12
36534,0,705,33,2,7,1,1.699999999999998,28,0,1.2000000000000002,14,9
36535,1,705,33,1,4,2,0.0,5,0,-1.0,9,5
36600,0,706,33,0,6,0,1.1,11,1,-0.1,15,6
36601,1,706,33,0,4,0,0.0,0,0,-1.0,9,4
36700,0,707,50,2,10,1,1.799999999999998,29,0,1.0,13,12
36701,1,707,50,0,7,1,2.775557561562892e-17,0,0,1.0,13,7
36800,0,708,50,2,10,1,1.7999999999999976,29,0,1.0,22,12
36801,1,708,50,1,7,1,2.498001805406602e-16,6,0,1.0,18,8
36830,0,709,15,1,3,0,1.0999999999999996,16,0,0.0,8,4
36831,1,709,15,1,1,1,0.0,5,0,-1.0,9,2
36884,0,710,27,0,7,0,2.299999999999999,22,0,0.0,9,7
36885,1,710,27,1,3,0,0.0,5,2,-1.1,7,4
36902,0,711,9,1,1,0,0.5000000000000001,11,0,-0.4,4,2
36903,1,711,9,1,0,0,0.0,5,0,-0.1999999999999999,4,1
36932,0,712,15,2,2,0,0.5000000000000001,17,0,-0.4,6,4
36933,1,712,15,0,1,0,0.0,0,2,-1.1,8,1
36986,0,713,27,3,4,0,0.5000000000000006,23,0,0.0,11,7
36987,1,713,27,0,3,0,0.0,0,2,-1.1,9,3
37016,0,714,15,1,4,0,1.6999999999999993,22,0,0.0,6,5
37017,1,714,15,1,1,0,0.0,5,0,-1.0,7,2
37070,0,715,27,2,4,0,0.5000000000000004,17,0,1.2000000000000002,12,6
37071,1,715,27,0,3,0,0.0,0,2,-1.1,9,3
37112,0,716,21,0,4,0,1.0999999999999996,10,0,0.0,10,4
37113,1,716,21,1,2,0,0.0,5,0,-1.0,9,3
37212,0,717,50,0,9,2,1.1999999999999993,11,0,1.0,13,9
37213,1,717,50,0,10,0,1.7999999999999976,17,0,1.0,10,10
37254,0,718,21,0,4,0,1.1,11,0,0.0,10,4
37255,1,718,21,0,2,0,0.0,0,2,-1.1,8,2
37284,0,719,15,2,2,0,0.5000000000000003,17,0,1.2000000000000002,5,4
37285,1,719,15,1,1,0,0.0,5,2,-1.1,6,2
37314,0,720,15,2,3,0,1.1,22,0,0.8,7,5
37315,1,720,15,1,1,1,0.0,5,0,-1.0,8,2
37356,0,721,21,1,4,0,1.0999999999999994,16,0,-0.4,8,5
37357,1,721,21,1,2,0,0.0,5,0,-1.0,8,3
37398,0,722,21,0,4,0,1.1,11,0,0.0,12,4
37399,1,722,21,1,2,0,0.0,5,0,-1.0,9,3
37498,0,723,50,1,8,0,0.6000000000000003,12,0,1.0,14,9
37499,1,723,50,0,7,0,6.938893903907228e-16,0,0,1.0,11,7
37598,0,724,50,0,8,1,0.6000000000000006,6,2,1.9,15,8
37599,1,724,50,0,8,0,0.6000000000000004,6,2,0.9,11,8
37664,0,725,33,1,6,0,1.1,17,0,-0.4,13,7
37665,1,725,33,1,4,0,0.0,5,0,-1.0,9,5
37682,0,726,9,2,1,0,0.5000000000000002,17,0,1.2000000000000002,5,3
37683,1,726,9,0,0,0,0.0,0,2,-1.1,3,0
37712,0,727,15,3,2,0,0.5000000000000001,22,0,0.8,6,5
37713,1,727,15,0,1,0,0.0,0,2,-1.1,6,1
37730,0,728,9,1,1,0,0.5000000000000002,11,0,-0.4,5,2
37731,1,728,9,1,0,0,0.0,5,0,-1.0,6,1
37760,0,729,15,1,3,0,1.1,16,0,0.0,7,4
37761,1,729,15,1,1,0,0.0,5,0,-1.0,6,2
37802,0,730,21,2,3,0,0.5000000000000004,17,0,0.8,9,5
37803,1,730,21,1,2,0,0.0,5,0,-0.1999999999999999,5,3
37902,0,731,50,0,10,2,1.799999999999999,17,0,1.0,15,10
37903,1,731,50,0,9,2,1.2000000000000002,12,0,1.0,15,9
37956,0,732,27,0,6,0,1.7000000000000002,17,1,0.8,8,6
37957,1,732,27,1,3,0,0.0,5,0,-1.0,8,4
37998,0,733,21,1,3,0,0.5000000000000002,11,0,0.8,9,4
37999,1,733,21,1,2,0,0.0,5,0,-0.1999999999999999,7,3
38088,0,734,45,1,9,0,1.7000000000000002,23,0,-0.4,15,10
38089,1,734,45,1,6,0,0.0,5,0,-1.0,13,7
38106,0,735,9,0,1,0,0.5000000000000002,5,0,0.0,4,1
38107,1,735,9,1,0,0,0.0,5,0,-0.1999999999999999,3,1
38124,0,736,9,1,1,0,0.5000000000000002,11,0,-0.4,5,2
38125,1,736,9,1,0,0,0.0,5,0,-1.0,5,1
38178,0,737,27,1,6,0,1.6999999999999988,22,0,-0.4,8,7
38179,1,737,27,1,3,0,0.0,5,0,-1.0,6,4
38244,0,738,33,0,6,1,1.1,11,0,0.0,11,6
38245,1,738,33,1,4,0,0.0,5,0,-1.0,10,5
38262,0,739,9,2,1,0,0.5000000000000001,17,0,-0.4,5,3
38263,1,739,9,0,0,0,0.0,0,2,-1.1,3,0
38304,0,740,21,2,3,0,0.4999999999999998,16,0,0.0,6,5
38305,1,740,21,1,2,0,0.0,5,0,-0.1999999999999999,5,3
38322,0,741,9,1,1,0,0.5000000000000002,11,0,0.0,4,2
38323,1,741,9,0,0,0,0.0,0,2,-1.1,5,0
38388,0,742,33,2,7,0,1.6999999999999988,28,0,0.8,12,9
38389,1,742,33,1,4,0,0.0,5,0,-1.0,10,5
38488,0,743,50,1,10,2,1.7999999999999985,23,0,1.0,17,11
38489,1,743,50,0,8,2,0.6000000000000001,6,0,1.0,17,8
38530,0,744,21,1,3,0,0.5000000000000004,11,0,0.0,8,4
38531,1,744,21,1,2,0,0.0,5,2,-1.1,9,3
38630,0,745,50,0,11,0,2.3999999999999986,23,1,1.4,12,11
38631,1,745,50,0,12,0,2.9999999999999973,29,1,1.8,11,12
38648,0,746,9,0,2,0,1.0999999999999996,10,0,0.0,6,2
38649,1,746,9,0,0,0,0.0,0,2,-1.1,5,0
38678,0,747,15,2,2,0,0.5000000000000003,17,0,0.8,8,4
38679,1,747,15,0,1,0,0.0,0,2,-1.1,7,1
38708,0,748,15,0,2,0,0.5000000000000001,5,0,0.0,3,2
38709,1,748,15,0,1,0,0.0,0,2,-1.1,7,1
38774,0,749,33,0,5,0,0.5000000000000004,5,1,0.8,8,5
38775,1,749,33,1,4,0,0.0,5,0,-0.1999999999999999,9,5
38804,0,750,15,1,2,0,0.5000000000000002,11,0,0.0,5,3
38805,1,750,15,0,1,0,0.0,0,2,-1.1,6,1
38846,0,751,21,1,4,0,1.1000000000000003,17,1,0.8,8,5
38847,1,751,21,1,2,0,0.0,5,2,-1.1,10,3
38864,0,752,9,2,2,0,1.0999999999999996,22,0,0.8,5,4
38865,1,752,9,0,0,1,0.0,0,1,-1.1,5,0
38882,0,753,9,0,1,0,0.5000000000000002,5,2,-0.1,5,1
38883,1,753,9,0,0,0,0.0,0,1,-1.1,4,0
38936,0,754,27,2,5,0,1.0999999999999996,22,0,1.2000000000000002,8,7
38937,1,754,27,1,3,0,0.0,5,2,-1.1,10,4
39002,0,755,33,1,5,0,0.5000000000000006,11,0,-0.4,10,6
39003,1,755,33,0,4,0,0.0,0,0,-1.0,9,4
39044,0,756,21,0,4,0,1.1,11,0,0.0,12,4
39045,1,756,21,1,2,0,0.0,5,0,-1.0,10,3
39086,0,757,21,3,3,0,0.4999999999999998,22,0,0.0,6,6
39087,1,757,21,0,2,0,0.0,0,2,-1.1,5,2
39128,0,758,21,1,4,0,1.0999999999999996,16,1,0.8,7,5
39129,1,758,21,1,2,0,0.0,5,0,-1.0,7,3
39146,0,759,9,2,1,0,0.5000000000000001,17,0,-0.4,5,3
39147,1,759,9,1,0,0,0.0,5,0,-1.0,3,1
39246,0,760,50,0,9,3,1.2000000000000004,12,1,1.4,13,9
39247,1,760,50,0,11,0,2.399999999999997,23,0,1.0,12,11
39276,0,761,15,2,2,0,0.5000000000000003,17,0,1.2000000000000002,7,4
39277,1,761,15,0,1,0,0.0,0,2,-1.1,8,1
39294,0,762,9,1,2,0,1.1,16,0,-0.4,6,3
39295,1,762,9,1,0,0,0.0,5,0,-1.0,6,1
39394,0,763,50,0,8,1,0.600000000000001,6,0,1.0,13,8
39395,1,763,50,0,8,0,0.6000000000000004,6,1,1.8,16,8
39424,0,764,15,2,2,0,0.5000000000000003,17,0,0.0,4,4
39425,1,764,15,1,1,0,0.0,5,0,-0.1999999999999999,6,2
39441,1,765,8,1,0,0,1.3877787807814454e-16,6,0,0.8,3,1
39442,0,765,9,2,0,0,0.0,11,0,-0.1999999999999999,3,2
39507,0,766,33,1,5,0,0.5000000000000006,11,1,0.8,12,6
39508,1,766,33,0,4,0,0.0,0,2,-1.1,13,4
39525,0,767,9,2,1,0,0.5000000000000002,17,0,0.8,5,3
39526,1,767,9,1,0,0,0.0,5,0,-0.1999999999999999,4,1
39603,0,768,39,1,6,0,0.5000000000000009,11,0,0.0,10,7
39604,1,768,39,1,5,0,0.0,5,0,-0.1999999999999999,8,6
39703,0,769,50,0,10,2,1.7999999999999994,17,0,1.0,11,10
39704,1,769,50,0,11,1,2.399999999999997,23,0,1.0,13,11
39733,0,770,15,1,3,1,1.0999999999999996,16,0,0.0,8,4
39734,1,770,15,0,1,1,0.0,0,2,-1.1,7,1
39786,1,771,26,1,5,0,1.1999999999999995,17,0,0.8,13,6
39787,0,771,27,0,3,1,0.0,0,0,-1.0,11,3
39816,0,772,15,0,3,0,1.0999999999999996,10,0,0.0,8,3
39817,1,772,15,1,1,0,0.0,5,0,-1.0,7,2
39846,0,773,15,1,2,0,0.5000000000000003,11,0,0.0,7,3
39847,1,773,15,1,1,0,0.0,5,0,-1.0,7,2
39946,0,774,50,0,9,3,1.2,11,1,1.4,16,9
39947,1,774,50,1,11,0,2.3999999999999986,29,0,1.8,21,12
40046,0,775,50,2,10,2,1.7999999999999998,30,0,1.8,15,12
40047,1,775,50,0,9,1,1.199999999999997,11,0,1.0,14,9
40075,1,776,14,0,2,0,0.6000000000000001,6,0,0.0,6,2
40076,0,776,15,2,1,0,0.0,11,0,-0.1999999999999999,6,3
40175,0,777,50,0,9,2,1.2,11,1,1.4,19,9
40176,1,777,50,1,11,0,2.399999999999998,29,0,1.0,18,12
40275,0,778,50,0,9,2,1.1999999999999986,11,0,1.0,17,9
40276,1,778,50,0,10,0,1.799999999999999,17,0,1.0,18,10
40305,0,779,15,2,3,0,1.0999999999999992,22,0,-0.4,7,5
40306,1,779,15,1,1,1,0.0,5,0,-1.0,7,2
40322,1,780,8,1,1,0,0.6000000000000001,12,0,0.8,4,2
40323,0,780,9,1,0,0,0.0,5,0,-0.1999999999999999,4,1
40340,0,781,9,1,3,0,1.6999999999999995,22,0,0.8,5,4
40341,1,781,9,1,0,1,0.0,5,0,-1.0,5,1
40370,0,782,15,1,2,0,0.5000000000000003,11,0,0.0,5,3
40371,1,782,15,0,1,0,0.0,0,0,-1.0,4,1
40400,0,783,15,0,3,0,1.0999999999999996,10,0,0.0,7,3
40401,1,783,15,0,1,0,0.0,0,2,-1.1,7,1
40430,0,784,15,2,2,0,0.5000000000000003,17,0,-0.4,7,4
40431,1,784,15,0,1,0,0.0,0,2,-1.1,6,1
40448,0,785,9,2,1,0,0.5000000000000002,17,0,0.8,6,3
40449,1,785,9,1,0,0,0.0,5,2,-1.1,4,1
40465,1,786,8,0,1,0,0.6000000000000002,6,1,0.8,4,1
40466,0,786,9,2,0,0,0.0,11,0,-0.1999999999999999,5,2
40506,1,787,20,1,2,0,1.3877787807814454e-16,6,0,0.0,8,3
40507,0,787,21,1,2,0,0.0,5,0,-1.0,8,3
40584,0,788,39,1,9,0,2.2999999999999994,28,1,0.8,13,10
40585,1,788,39,1,5,1,0.0,5,0,-1.0,15,6
40625,1,789,20,0,3,0,0.6000000000000001,6,0,0.0,9,3
40626,0,789,21,2,2,1,0.0,11,0,-0.1999999999999999,11,4
40655,0,790,15,2,2,0,0.4999999999999998,16,0,0.0,7,4
40656,1,790,15,1,1,0,0.0,5,0,-0.1999999999999999,4,2
40755,0,791,50,0,9,3,1.1999999999999988,11,0,1.0,9,9
40756,1,791,50,0,11,0,2.399999999999997,23,0,1.0,15,11
40785,0,792,15,1,4,0,1.6999999999999993,22,0,-0.4,8,5
40786,1,792,15,1,1,0,0.0,5,0,-1.0,8,2
40827,0,793,21,1,4,0,1.0999999999999996,16,0,-0.4,10,5
40828,1,793,21,1,2,0,0.0,5,0,-1.0,7,3
40927,0,794,50,0,9,1,1.1999999999999988,11,0,1.0,13,9
40928,1,794,50,0,10,0,1.7999999999999976,17,0,1.0,11,10
40945,0,795,9,1,2,0,1.0999999999999996,16,0,-0.4,7,3
40946,1,795,9,1,0,0,0.0,5,0,-1.0,5,1
41045,0,796,50,0,10,5,1.7999999999999985,17,0,1.0,12,10
41046,1,796,50,0,12,1,2.999999999999997,29,0,1.0,11,12
41145,0,797,50,1,8,1,0.6000000000000003,12,0,1.0,15,9
41146,1,797,50,0,8,0,0.6000000000000002,6,1,1.8,16,8
41163,0,798,9,1,2,0,1.1,17,1,0.8,5,3
41164,1,798,9,1,0,0,0.0,5,0,-1.0,4,1
41229,0,799,33,1,6,0,1.1,17,0,-0.4,14,7
41230,1,799,33,1,4,0,0.0,5,0,-1.0,13,5
41271,0,800,21,0,3,0,0.5000000000000003,5,0,0.0,6,3
41272,1,800,21,1,2,0,0.0,5,0,-0.1999999999999999,9,3
41337,0,801,33,1,6,0,1.1,17,0,0.8,13,7
41338,1,801,33,0,4,0,0.0,0,2,-1.1,10,4
41355,0,802,9,0,1,0,0.5000000000000002,5,0,0.0,4,1
41356,1,802,9,0,0,0,0.0,0,2,-1.1,4,0
41455,0,803,50,0,8,2,0.6000000000000006,6,0,1.0,20,8
41456,1,803,50,0,9,0,1.1999999999999984,11,1,1.8,12,9
41494,1,804,19,1,2,0,0.1000000000000002,7,0,0.0,8,3
41495,0,804,20,1,2,1,0.0,5,0,-0.1999999999999999,8,3
41512,0,805,9,1,3,0,1.6999999999999995,22,0,0.0,4,4
41513,1,805,9,1,0,1,0.0,5,0,-1.0,5,1
41530,0,806,9,1,1,0,0.5000000000000002,11,0,0.8,4,2
41531,1,806,9,0,0,0,0.0,0,0,-1.0,3,0
41630,0,807,50,1,11,0,2.399999999999998,29,0,1.0,20,12
41631,1,807,50,0,8,0,0.6000000000000006,6,1,1.8,17,8
41708,0,808,39,1,7,0,1.1,16,0,0.0,9,8
41709,1,808,39,1,5,0,0.0,5,0,-1.0,10,6
41774,0,809,33,0,6,0,1.0999999999999992,10,0,0.0,15,6
41775,1,809,33,1,4,0,0.0,5,2,-1.1,12,5
41792,0,810,9,1,1,0,0.5000000000000001,11,0,-0.4,5,2
41793,1,810,9,1,0,0,0.0,5,0,-0.1999999999999999,4,1
41834,0,811,21,1,4,0,1.1,17,0,0.8,8,5
41835,1,811,21,1,2,0,0.0,5,2,-1.1,9,3
41912,0,812,39,1,7,0,1.1000000000000003,17,0,-0.4,11,8
41913,1,812,39,1,5,0,0.0,5,0,-1.0,9,6
42012,0,813,50,0,8,1,0.6000000000000005,6,0,1.0,13,8
42013,1,813,50,0,9,0,1.199999999999997,11,0,1.0,11,9
42066,0,814,27,1,5,0,1.1,17,0,0.8,12,6
42067,1,814,27,1,3,0,0.0,5,0,-1.0,11,4
42084,0,815,9,2,1,0,0.5000000000000002,17,0,1.2000000000000002,6,3
42085,1,815,9,0,0,0,0.0,0,2,-1.1,5,0
42184,0,816,50,0,10,3,1.799999999999998,17,0,1.0,13,10
42185,1,816,50,1,11,0,2.399999999999998,29,0,1.8,16,12
42238,0,817,27,1,5,0,1.0999999999999996,16,0,-0.4,9,6
42239,1,817,27,0,3,0,0.0,0,2,-1.1,9,3
42338,0,818,50,1,12,1,2.9999999999999973,35,1,1.8,18,13
42339,1,818,50,0,10,1,1.799999999999999,17,0,1.0,18,10
42438,0,819,50,1,10,0,1.7999999999999976,23,0,1.0,13,11
42439,1,819,50,0,9,0,1.2000000000000002,12,0,1.0,13,9
42467,1,820,14,0,3,0,1.1999999999999995,11,0,0.0,4,3
42468,0,820,15,1,1,1,0.0,5,0,-0.1999999999999999,6,2
42521,0,821,27,1,6,0,1.6999999999999993,22,0,-0.4,8,7
42522,1,821,27,1,3,0,0.0,5,0,-1.0,9,4
42551,0,822,15,2,2,0,0.5000000000000003,17,0,1.2000000000000002,8,4
42552,1,822,15,0,1,0,0.0,0,2,-1.1,6,1
42651,0,823,50,0,10,4,1.799999999999999,17,2,1.1,13,10
42652,1,823,50,1,12,2,2.999999999999997,35,0,1.8,15,13
42681,0,824,15,1,3,0,1.1,16,0,0.0,5,4
42682,1,824,15,1,1,0,0.0,5,0,-1.0,8,2
42735,0,825,27,2,5,0,1.0999999999999992,22,0,-0.4,11,7
42736,1,825,27,1,3,1,0.0,5,0,-1.0,10,4
42753,0,826,9,1,1,0,0.5000000000000001,11,0,-0.4,5,2
42754,1,826,9,1,0,0,0.0,5,0,-0.1999999999999999,3,1
42795,0,827,21,2,3,0,0.4999999999999998,16,0,0.0,8,5
42796,1,827,21,1,2,0,0.0,5,0,-0.1999999999999999,6,3
42895,0,828,50,0,9,4,1.1999999999999995,11,1,1.4,16,9
42896,1,828,50,0,11,1,2.399999999999998,23,0,1.0,17,11
42995,0,829,50,1,8,2,0.6000000000000003,12,0,1.8,13,9
42996,1,829,50,0,10,0,1.7999999999999972,17,1,1.8,8,10
43049,0,830,27,1,5,0,1.0999999999999996,16,1,0.8,14,6
43050,1,830,27,1,3,0,0.0,5,0,-1.0,13,4
43149,0,831,50,0,10,2,1.7999999999999976,17,0,1.0,10,10
43150,1,831,50,0,12,0,2.999999999999997,29,1,1.8,14,12
43249,0,832,50,4,10,0,1.7999999999999972,41,0,1.0,15,14
43250,1,832,50,0,8,1,0.5999999999999993,5,1,1.8,18,8
43291,0,833,21,1,3,0,0.5000000000000004,11,0,-0.4,10,4
43292,1,833,21,1,2,0,0.0,5,0,-1.0,9,3
43379,0,834,44,1,7,1,0.6000000000000008,12,0,-0.4,17,8
43380,1,834,44,1,6,0,0.0,5,0,-1.0,14,7
43396,1,835,8,0,1,0,0.6000000000000002,6,0,0.0,3,1
43397,0,835,9,1,0,0,0.0,5,0,-1.0,3,1
43450,0,836,27,1,4,0,0.5000000000000004,11,0,-0.4,8,5
43451,1,836,27,1,3,0,0.0,5,0,-0.1999999999999999,10,4
43550,0,837,50,1,10,0,1.799999999999998,23,0,1.0,13,11
43551,1,837,50,1,8,1,0.5999999999999998,11,0,0.6,16,9
43580,0,838,15,1,2,0,0.5000000000000003,11,0,0.0,5,3
43581,1,838,15,1,1,0,0.0,5,0,-1.0,6,2
43622,0,839,21,2,3,0,0.5000000000000001,17,0,1.2000000000000002,9,5
43623,1,839,21,1,2,0,0.0,5,0,-1.0,9,3
43664,0,840,21,1,5,0,1.6999999999999993,22,0,0.0,9,6
43665,1,840,21,1,2,0,0.0,5,0,-1.0,8,3
43764,0,841,50,0,8,3,0.600000000000001,6,0,1.0,9,8
43765,1,841,50,0,10,0,1.7999999999999967,17,0,1.0,8,10
43864,0,842,50,0,9,4,1.1999999999999984,11,0,1.0,12,9
43865,1,842,50,0,11,1,2.399999999999997,23,0,1.0,14,11
43894,0,843,15,2,2,0,0.5000000000000002,17,0,0.8,5,4
43895,1,843,15,0,1,0,0.0,0,1,-1.1,8,1
43912,0,844,9,0,2,0,1.0999999999999996,10,0,0.0,6,2
43913,1,844,9,1,0,0,0.0,5,0,-0.1999999999999999,4,1
43954,0,845,21,1,4,0,1.1,17,0,0.8,12,5
43955,1,845,21,1,2,0,0.0,5,0,-0.1999999999999999,8,3
44020,0,846,33,1,5,0,0.5000000000000006,11,0,-0.4,11,6
44021,1,846,33,0,4,1,0.0,0,2,-1.1,9,4
44050,0,847,15,0,3,0,1.0999999999999996,10,0,0.0,6,3
44051,1,847,15,0,1,0,0.0,0,0,-1.0,4,1
44150,0,848,50,1,8,0,0.6000000000000005,12,0,0.6,15,9
44151,1,848,50,0,7,0,0.0,0,2,-0.1,13,7
44204,0,849,27,1,4,0,0.5000000000000003,11,1,0.8,8,5
44205,1,849,27,1,3,0,0.0,5,0,-0.1999999999999999,7,4
44234,0,850,15,2,2,0,0.5000000000000001,17,0,0.8,6,4
44235,1,850,15,0,1,0,0.0,0,2,-1.1,8,1
44252,0,851,9,0,1,0,0.5000000000000002,5,0,0.0,5,1
44253,1,851,9,0,0,0,0.0,0,0,-1.0,2,0
44330,0,852,39,0,7,0,1.1,11,0,0.0,13,7
44331,1,852,39,1,5,0,0.0,5,0,-1.0,8,6
44372,0,853,21,2,3,0,0.5000000000000001,17,0,0.0,4,5
44373,1,853,21,1,2,0,0.0,5,0,-0.1999999999999999,5,3
44472,0,854,50,1,10,0,1.7999999999999985,23,1,1.8,14,11
44473,1,854,50,1,7,0,4.718447854656915e-16,6,0,1.0,16,8
44490,0,855,9,1,1,0,0.5000000000000001,11,0,0.8,4,2
44491,1,855,9,1,0,0,0.0,5,0,-0.1999999999999999,4,1
44520,0,856,15,1,2,0,0.5000000000000003,11,0,-0.4,8,3
44521,1,856,15,1,1,0,0.0,5,0,-1.0,6,2
44574,0,857,27,1,5,0,1.1,17,1,0.8,10,6
44575,1,857,27,1,3,0,0.0,5,0,-1.0,9,4
44628,0,858,27,2,5,0,1.0999999999999996,22,0,-0.4,14,7
44629,1,858,27,1,3,1,0.0,5,0,-1.0,8,4
44670,0,859,21,1,4,0,1.0999999999999996,16,0,0.0,7,5
44671,1,859,21,1,2,0,0.0,5,0,-1.0,6,3
44770,0,860,50,0,9,2,1.1999999999999995,11,0,1.0,13,9
44771,1,860,50,0,10,0,1.7999999999999972,17,0,1.0,14,10
44824,0,861,27,1,4,0,0.5000000000000006,11,0,0.0,10,5
44825,1,861,27,1,3,0,0.0,5,0,-1.0,8,4
44890,0,862,33,1,7,0,1.6999999999999988,22,0,0.0,9,8
44891,1,862,33,1,4,0,0.0,5,2,-1.1,11,5
44932,0,863,21,2,3,0,0.5000000000000003,17,0,-0.4,10,5
44933,1,863,21,1,2,0,0.0,5,0,-1.0,9,3
44950,0,864,9,1,3,0,1.6999999999999995,22,1,0.8,5,4
44951,1,864,9,1,0,0,0.0,5,0,-1.0,4,1
44968,0,865,9,1,1,0,0.5000000000000002,11,0,0.8,3,2
44969,1,865,9,1,0,0,0.0,5,0,-0.1999999999999999,4,1
45068,0,866,50,1,9,2,1.199999999999999,17,0,1.8,14,10
45069,1,866,50,0,10,0,1.7999999999999972,17,0,1.0,17,10
45098,0,867,15,1,2,0,0.5000000000000003,11,0,0.0,5,3
45099,1,867,15,0,1,0,0.0,0,2,-1.1,9,1
45116,0,868,9,1,1,0,0.5000000000000002,11,0,0.0,5,2
45117,1,868,9,1,0,0,0.0,5,0,-1.0,5,1
45146,0,869,15,1,2,0,0.5000000000000001,11,0,0.0,9,3
45147,1,869,15,1,1,0,0.0,5,0,-0.1999999999999999,7,2
45164,0,870,9,2,1,0,0.5000000000000001,17,0,-0.4,4,3
45165,1,870,9,1,0,1,0.0,5,0,-1.0,4,1
45264,0,871,50,1,11,1,2.399999999999997,29,2,1.9,16,12
45265,1,871,50,1,9,0,1.2000000000000006,18,0,0.6,14,10
45364,0,872,50,0,9,0,1.2000000000000002,12,0,1.0,11,9
45365,1,872,50,0,8,0,0.6000000000000009,6,1,1.8,8,8
45464,0,873,50,1,8,2,0.5999999999999984,11,0,1.8,13,9
45465,1,873,50,0,10,0,1.7999999999999985,17,0,1.0,17,10
45564,0,874,50,0,8,3,0.5999999999999998,5,0,1.0,17,8
45565,1,874,50,1,10,1,1.7999999999999994,23,0,1.8,16,11
45606,0,875,21,2,4,0,1.0999999999999996,22,0,0.8,7,6
45607,1,875,21,0,2,0,0.0,0,1,-1.1,8,2
45624,0,876,9,0,2,0,1.0999999999999996,10,2,-0.1,6,2
45625,1,876,9,1,0,0,0.0,5,2,-1.1,4,1
45666,0,877,21,1,3,0,0.4999999999999998,10,0,0.0,9,4
45667,1,877,21,1,2,0,0.0,5,2,-1.1,8,3
45684,0,878,9,1,1,0,0.5000000000000002,11,0,-0.4,5,2
45685,1,878,9,1,0,0,0.0,5,0,-0.1999999999999999,3,1
45714,0,879,15,1,4,0,1.6999999999999993,22,1,0.8,6,5
45715,1,879,15,1,1,1,0.0,5,0,-1.0,7,2
45744,0,880,15,1,4,0,1.6999999999999995,22,1,0.8,5,5
45745,1,880,15,1,1,0,0.0,5,0,-1.0,5,2
45762,0,881,9,1,2,0,1.0999999999999996,16,0,0.0,6,3
45763,1,881,9,1,0,0,0.0,5,0,-1.0,4,1
45792,0,882,15,1,3,0,1.1,16,0,-0.4,8,4
45793,1,882,15,1,1,0,0.0,5,0,-1.0,6,2
45822,0,883,15,1,3,0,1.1,16,0,0.0,7,4
45823,1,883,15,1,1,0,0.0,5,0,-1.0,7,2
45840,0,884,9,1,1,0,0.5000000000000002,11,0,0.0,5,2
45841,1,884,9,1,0,0,0.0,5,0,-1.0,5,1
45869,1,885,14,1,3,0,1.1999999999999995,17,0,0.8,7,4
45870,0,885,15,0,1,1,0.0,0,0,-1.0,7,1
45899,0,886,15,1,2,0,0.5000000000000003,11,0,0.0,6,3
45900,1,886,15,0,1,0,0.0,0,2,-1.1,9,1
45953,0,887,27,0,6,0,1.7000000000000002,17,1,0.8,10,6
45954,1,887,27,1,3,0,0.0,5,0,-1.0,10,4
46007,0,888,27,2,5,0,1.0999999999999992,22,0,0.0,9,7
46008,1,888,27,0,3,0,0.0,0,1,-1.1,7,3
46107,0,889,50,1,12,1,2.999999999999997,35,1,1.8,14,13
46108,1,889,50,0,10,1,1.7999999999999985,17,1,0.9,17,10
46149,0,890,21,1,3,0,0.5,11,0,0.0,11,4
46150,1,890,21,1,2,0,0.0,5,2,-1.1,9,3
46191,0,891,21,2,3,0,0.5,17,0,1.2000000000000002,9,5
46192,1,891,21,1,2,0,0.0,5,0,-0.1999999999999999,6,3
46291,0,892,50,0,10,3,1.7999999999999994,17,1,1.4,16,10
46292,1,892,50,0,12,0,2.9999999999999973,29,0,1.0,14,12
46345,0,893,27,2,4,0,0.4999999999999998,16,0,0.8,7,6
46346,1,893,27,0,3,0,0.0,0,2,-1.1,6,3
46445,0,894,50,0,8,4,0.6000000000000002,6,0,1.0,19,8
46446,1,894,50,0,10,0,1.7999999999999976,17,0,1.0,13,10
46499,0,895,27,1,4,0,0.5000000000000006,11,0,-0.4,6,5
46500,1,895,27,1,3,0,0.0,5,0,-0.1999999999999999,8,4
46541,0,896,21,1,4,0,1.0999999999999996,16,0,-0.4,9,5
46542,1,896,21,0,2,0,0.0,0,2,-1.1,10,2
46559,0,897,9,1,2,0,1.1,16,0,-0.4,6,3
46560,1,897,9,1,0,0,0.0,5,0,-1.0,5,1
46659,0,898,50,1,9,4,1.1999999999999975,17,0,1.8,10,10
46660,1,898,50,0,11,1,2.399999999999997,23,0,1.0,13,11
46713,0,899,27,1,4,0,0.5000000000000003,11,1,0.8,8,5
46714,1,899,27,0,3,0,0.0,0,2,-1.1,9,3
46743,0,900,15,3,2,0,0.5000000000000001,22,0,1.2000000000000002,9,5
46744,1,900,15,0,1,0,0.0,0,2,-1.1,6,1
46843,0,901,50,1,8,1,0.6000000000000004,12,0,1.0,14,9
46844,1,901,50,1,7,0,2.498001805406602e-16,6,0,1.0,13,8
46943,0,902,50,0,9,3,1.1999999999999988,11,0,1.0,15,9
46944,1,902,50,1,11,0,2.3999999999999977,29,0,1.0,18,12
47043,0,903,50,1,10,1,1.7999999999999976,23,0,1.0,13,11
47044,1,903,50,0,8,1,0.5999999999999993,5,0,1.0,15,8
47085,0,904,21,2,4,0,1.0999999999999996,22,0,0.8,8,6
47086,1,904,21,1,2,0,0.0,5,0,-1.0,7,3
47103,0,905,9,0,1,0,0.5000000000000001,5,0,0.0,3,1
47104,1,905,9,0,0,0,0.0,0,0,-1.0,4,0
47157,0,906,27,2,5,0,1.0999999999999996,22,0,1.2000000000000002,11,7
47158,1,906,27,1,3,0,0.0,5,0,-1.0,8,4
47199,0,907,21,0,3,0,0.5000000000000004,5,0,0.0,7,3
47200,1,907,21,0,2,0,0.0,0,2,-1.1,7,2
47216,1,908,8,0,2,0,1.1999999999999995,11,0,0.0,4,2
47217,0,908,9,0,0,0,0.0,0,0,-1.0,5,0
47246,0,909,15,0,2,0,0.5000000000000003,5,0,0.0,3,2
47247,1,909,15,1,1,0,0.0,5,0,-0.1999999999999999,4,2
47346,0,910,50,1,8,0,0.600000000000001,12,0,1.8,13,9
47347,1,910,50,0,8,0,0.6000000000000003,6,0,1.0,11,8
47364,0,911,9,1,1,0,0.5000000000000001,11,0,0.8,5,2
47365,1,911,9,1,0,0,0.0,5,2,-1.1,5,1
47442,0,912,39,2,6,0,0.5000000000000006,17,0,-0.4,10,8
47443,1,912,39,0,5,0,0.0,0,2,-1.1,11,5
47542,0,913,50,1,9,2,1.2000000000000006,18,0,1.0,14,10
47543,1,913,50,0,8,1,0.5999999999999975,5,2,1.1,14,8
47642,0,914,50,0,8,1,0.6000000000000003,6,0,1.0,15,8
47643,1,914,50,0,9,0,1.199999999999998,11,0,1.0,11,9
47660,0,915,9,1,2,0,1.1,17,1,0.8,5,3
47661,1,915,9,1,0,0,0.0,5,0,-1.0,4,1
47714,0,916,27,1,6,0,1.6999999999999988,22,0,-0.4,11,7
47715,1,916,27,1,3,1,0.0,5,0,-1.0,9,4
47756,0,917,21,2,3,0,0.5000000000000003,17,1,0.8,5,5
47757,1,917,21,0,2,0,0.0,0,2,-1.1,8,2
47774,0,918,9,1,1,0,0.5000000000000002,11,0,0.8,3,2
47775,1,918,9,1,0,0,0.0,5,0,-0.1999999999999999,4,1
47874,0,919,50,0,8,1,0.6000000000000009,6,0,1.0,15,8
47875,1,919,50,0,9,0,1.2,11,1,1.8,13,9
47974,0,920,50,1,8,2,0.5999999999999998,11,0,1.8,10,9
47975,1,920,50,0,11,0,2.399999999999997,23,0,1.0,11,11
48016,0,921,21,1,4,0,1.1,16,0,-0.4,8,5
48017,1,921,21,1,2,0,0.0,5,2,-1.1,9,3
48116,0,922,50,2,11,0,2.3999999999999977,35,0,1.8,16,13
48117,1,922,50,0,9,0,1.1999999999999993,11,0,1.0,15,9
48216,0,923,50,0,8,2,0.6000000000000005,6,0,1.0,14,8
48217,1,923,50,0,10,0,1.7999999999999976,17,0,1.0,11,10
48234,0,924,9,2,1,0,0.5000000000000001,17,1,0.8,3,3
48235,1,924,9,0,0,0,0.0,0,2,-1.1,4,0
48334,0,925,50,0,10,3,1.7999999999999976,17,0,1.0,13,10
48335,1,925,50,0,12,0,2.9999999999999987,29,0,1.0,16,12
48376,0,926,21,0,4,0,1.1,11,0,0.0,9,4
48377,1,926,21,1,2,0,0.0,5,0,-1.0,8,3
48418,0,927,21,1,3,0,0.5000000000000003,11,1,0.8,6,4
48419,1,927,21,0,2,0,0.0,0,2,-1.1,7,2
48436,0,928,9,1,1,0,0.5000000000000001,11,0,0.0,4,2
48437,1,928,9,1,0,0,0.0,5,2,-1.1,5,1
48466,0,929,15,1,3,0,1.1,16,0,0.8,8,4
48467,1,929,15,0,1,0,0.0,0,2,-1.1,5,1
48484,0,930,9,0,2,0,1.0999999999999996,10,0,0.0,6,2
48485,1,930,9,1,0,0,0.0,5,0,-1.0,4,1
48526,0,931,21,2,3,0,0.5000000000000003,17,0,0.8,10,5
48527,1,931,21,1,2,0,0.0,5,0,-1.0,9,3
48604,0,932,39,3,10,1,2.899999999999997,46,0,0.8,13,13
48605,1,932,39,1,5,2,0.0,5,0,-1.0,16,6
48634,0,933,15,0,3,0,1.1,11,0,0.0,9,3
48635,1,933,15,1,1,0,0.0,5,0,-1.0,7,2
48734,0,934,50,1,10,3,1.7999999999999994,23,0,1.8,14,11
48735,1,934,50,0,11,1,2.3999999999999986,23,0,1.0,16,11
48834,0,935,50,2,7,0,8.049116928532385e-16,12,0,1.8,10,9
48835,1,935,50,0,8,0,0.600000000000001,6,0,1.0,10,8
48864,0,936,15,0,2,0,0.5000000000000002,5,1,0.8,6,2
48865,1,936,15,0,1,0,0.0,0,2,-1.1,7,1
48894,0,937,15,1,3,0,1.0999999999999996,16,0,-0.4,8,4
48895,1,937,15,1,1,0,0.0,5,0,-0.1999999999999999,5,2
48994,0,938,50,0,9,2,1.1999999999999995,11,0,1.0,15,9
48995,1,938,50,1,11,0,2.3999999999999977,29,0,1.8,19,12
49012,0,939,9,1,1,0,0.5000000000000002,11,0,0.8,5,2
49013,1,939,9,0,0,0,0.0,0,2,-1.1,4,0
49054,0,940,21,0,4,0,1.0999999999999996,10,0,0.0,9,4
49055,1,940,21,1,2,0,0.0,5,2,-1.1,8,3
49072,0,941,9,2,2,0,1.0999999999999996,22,0,1.2000000000000002,6,4
49073,1,941,9,1,0,0,0.0,5,0,-1.0,5,1
49090,0,942,9,1,1,0,0.5000000000000002,11,0,0.0,6,2
49091,1,942,9,1,0,0,0.0,5,0,-0.1999999999999999,4,1
49180,0,943,45,1,10,1,2.2999999999999994,28,0,0.0,18,11
49181,1,943,45,1,6,1,0.0,5,0,-1.0,12,7
49209,1,944,14,1,2,0,0.6000000000000003,12,0,0.8,5,3
49210,0,944,15,1,1,0,0.0,5,0,-0.1999999999999999,6,2
49275,0,945,33,2,5,1,0.4999999999999998,16,0,0.0,11,7
49276,1,945,33,0,4,1,0.0,0,2,-1.1,11,4
49293,0,946,9,1,1,0,0.5000000000000001,11,0,0.0,4,2
49294,1,946,9,0,0,0,0.0,0,2,-1.1,5,0
49347,0,947,27,1,6,0,1.6999999999999995,22,0,0.8,11,7
49348,1,947,27,1,3,0,0.0,5,0,-1.0,11,4
49377,0,948,15,2,3,0,1.0999999999999996,22,0,1.2000000000000002,6,5
49378,1,948,15,1,1,0,0.0,5,0,-1.0,7,2
49431,0,949,27,1,5,0,1.1,17,0,0.0,9,6
49432,1,949,27,1,3,0,0.0,5,0,-1.0,8,4
49449,0,950,9,1,1,0,0.5000000000000002,11,0,-0.4,6,2
49450,1,950,9,0,0,0,0.0,0,2,-1.1,4,0
49491,0,951,21,1,4,0,1.0999999999999996,16,0,0.0,8,5
49492,1,951,21,0,2,0,0.0,0,1,-1.1,8,2
49509,0,952,9,1,2,0,1.1,16,0,0.0,3,3
49510,1,952,9,1,0,0,0.0,5,0,-1.0,3,1
49527,0,953,9,1,1,0,0.5000000000000001,11,0,-0.4,5,2
49528,1,953,9,0,0,0,0.0,0,2,-1.1,5,0
49544,1,954,8,0,1,0,0.6000000000000001,6,0,0.0,4,1
49545,0,954,9,1,0,0,0.0,5,0,-1.0,4,1
49610,0,955,33,1,8,0,2.299999999999999,28,0,-0.4,17,9
49611,1,955,33,2,4,1,0.0,11,2,-1.1,17,6
49664,0,956,27,2,5,1,1.0999999999999992,22,0,-0.4,9,7
49665,1,956,27,1,3,1,0.0,5,0,-1.0,11,4
49764,0,957,50,0,11,4,2.399999999999998,23,1,1.4,12,11
49765,1,957,50,0,12,1,2.999999999999998,29,0,1.0,21,12
49864,0,958,50,1,9,3,1.1999999999999993,17,0,1.8,12,10
49865,1,958,50,0,11,0,2.399999999999997,23,0,1.0,15,11
49894,0,959,15,1,2,0,0.5000000000000003,11,0,0.0,4,3
49895,1,959,15,0,1,0,0.0,0,0,-1.0,6,1
49948,0,960,27,0,4,0,0.5000000000000004,5,1,0.8,10,4
49949,1,960,27,0,3,0,0.0,0,2,-1.1,10,3
49978,0,961,15,1,2,0,0.5000000000000003,11,0,-0.4,7,3
49979,1,961,15,0,1,0,0.0,0,2,-1.1,6,1
50078,0,962,50,0,8,2,0.6000000000000006,6,0,1.0,16,8
50079,1,962,50,0,10,0,1.799999999999998,17,0,1.0,11,10
50108,0,963,15,2,2,0,0.5000000000000003,17,0,1.2000000000000002,6,4
50109,1,963,15,0,1,0,0.0,0,2,-1.1,7,1
50126,0,964,9,2,1,0,0.5000000000000001,17,0,-0.4,4,3
50127,1,964,9,1,0,0,0.0,5,0,-1.0,5,1
50155,1,965,14,0,1,0,1.3877787807814454e-16,0,2,-0.1,6,1
50156,0,965,15,0,1,0,0.0,0,2,-1.1,6,1
50197,0,966,21,0,5,0,1.7000000000000002,17,1,0.8,7,5
50198,1,966,21,1,2,0,0.0,5,0,-1.0,8,3
50239,0,967,21,2,3,0,0.5000000000000006,17,0,-0.4,9,5
50240,1,967,21,1,2,0,0.0,5,0,-0.1999999999999999,9,3
50339,0,968,50,1,9,2,1.2000000000000004,18,0,1.0,14,10
50340,1,968,50,0,8,1,0.5999999999999975,5,2,1.1,15,8
50369,0,969,15,3,2,0,0.5000000000000001,22,0,0.8,6,5
50370,1,969,15,0,1,0,0.0,0,2,-1.1,5,1
50386,1,970,8,0,1,0,0.6000000000000002,6,0,0.0,3,1
50387,0,970,9,1,0,0,0.0,5,0,-0.1999999999999999,2,1
50486,0,971,50,0,10,1,1.7999999999999994,17,0,1.0,15,10
50487,1,971,50,1,8,0,0.6000000000000006,12,1,1.8,14,9
50586,0,972,50,0,8,3,0.6000000000000006,6,1,1.8,16,8
50587,1,972,50,0,10,0,1.799999999999999,17,0,1.0,12,10
50686,0,973,50,1,11,0,2.399999999999997,29,1,1.8,13,12
50687,1,973,50,0,9,0,1.2,11,0,1.0,13,9
50704,0,974,9,1,1,0,0.5000000000000002,11,0,-0.4,5,2
50705,1,974,9,0,0,0,0.0,0,2,-1.1,4,0
50758,0,975,27,1,5,0,1.1,17,0,-0.4,11,6
50759,1,975,27,0,3,0,0.0,0,2,-1.1,9,3
50858,0,976,50,1,8,1,0.6000000000000002,12,0,1.8,17,9
50859,1,976,50,0,8,0,0.6000000000000005,6,0,1.0,12,8
50887,1,977,14,0,2,0,0.6000000000000001,6,2,-0.1,6,2
50888,0,977,15,1,1,0,0.0,5,0,-1.0,7,2
50965,0,978,39,1,7,0,1.0999999999999996,16,0,0.0,9,8
50966,1,978,39,1,5,0,0.0,5,0,-1.0,10,6
50995,0,979,15,2,2,0,0.5000000000000002,17,1,0.8,5,4
50996,1,979,15,0,1,0,0.0,0,2,-1.1,6,1
51025,0,980,15,1,2,0,0.5000000000000003,11,0,0.8,5,3
51026,1,980,15,1,1,0,0.0,5,0,-0.1999999999999999,6,2
51055,0,981,15,0,2,0,0.5000000000000003,5,0,0.0,7,2
51056,1,981,15,0,1,0,0.0,0,2,-1.1,7,1
51073,0,982,9,0,1,0,0.5000000000000002,5,0,0.0,4,1
51074,1,982,9,1,0,0,0.0,5,0,-0.1999999999999999,3,1
51103,0,983,15,0,4,0,1.6999999999999995,16,0,0.0,5,4
51104,1,983,15,1,1,0,0.0,5,0,-1.0,6,2
51133,0,984,15,0,2,0,0.5000000000000003,5,0,0.0,5,2
51134,1,984,15,0,1,0,0.0,0,2,-1.1,5,1
51175,0,985,21,0,5,0,1.7000000000000002,17,1,0.8,9,5
51176,1,985,21,1,2,0,0.0,5,0,-1.0,7,3
51228,1,986,26,0,4,0,0.6000000000000005,6,0,0.0,9,4
51229,0,986,27,2,3,0,0.0,11,0,-0.1999999999999999,11,5
51246,0,987,9,1,1,0,0.5000000000000002,11,0,0.0,4,2
51247,1,987,9,1,0,0,0.0,5,0,-1.0,4,1
51300,0,988,27,0,5,0,1.0999999999999996,10,0,0.0,11,5
51301,1,988,27,1,3,0,0.0,5,0,-1.0,10,4
51400,0,989,50,0,8,1,0.6000000000000006,6,1,1.8,16,8
51401,1,989,50,0,9,0,1.199999999999998,11,0,1.0,12,9
51500,0,990,50,0,8,3,0.6000000000000008,6,2,0.9,16,8
51501,1,990,50,1,10,0,1.7999999999999994,23,0,1.8,15,11
51578,0,991,39,1,8,0,1.6999999999999988,22,0,0.0,13,9
51579,1,991,39,1,5,1,0.0,5,0,-1.0,16,6
51632,0,992,27,2,5,0,1.0999999999999996,22,0,-0.4,11,7
51633,1,992,27,0,3,1,0.0,0,2,-1.1,11,3
51732,0,993,50,0,10,3,1.799999999999998,17,0,1.0,19,10
51733,1,993,50,1,12,1,2.9999999999999982,35,0,1.8,18,13
51773,1,994,20,0,2,0,1.3877787807814454e-16,0,2,-0.1,9,2
51774,0,994,21,0,2,1,0.0,0,2,-1.1,8,2
51815,0,995,21,1,4,0,1.1,17,0,0.8,9,5
51816,1,995,21,0,2,0,0.0,0,0,-1.0,7,2
51833,0,996,9,1,1,0,0.5000000000000002,11,0,0.0,5,2
51834,1,996,9,0,0,0,0.0,0,2,-1.1,4,0
51933,0,997,50,1,8,1,0.6000000000000008,12,0,1.8,14,9
51934,1,997,50,0,9,0,1.1999999999999982,11,2,0.9,10,9
52033,0,998,50,1,9,1,1.1999999999999988,17,0,1.0,17,10
52034,1,998,50,0,9,1,1.2000000000000002,12,0,1.0,14,9
52075,0,999,21,2,3,0,0.5000000000000003,17,1,0.8,9,5
52076,1,999,21,0,2,0,0.0,0,2,-1.1,8,2
52093,0,1000,9,1,1,0,0.5000000000000002,11,0,-0.4,5,2
52094,1,1000,9,1,0,0,0.0,5,0,-0.1999999999999999,6,1
52122,1,1001,14,1,4,0,1.7999999999999994,23,0,0.0,7,5
52123,0,1001,15,1,1,1,0.0,5,0,-0.1999999999999999,5,2
52222,0,1002,50,1,10,0,1.7999999999999994,23,0,1.0,14,11
52223,1,1002,50,2,7,0,3.6082248300317592e-16,12,0,1.8,14,9
52252,0,1003,15,2,2,0,0.5000000000000003,17,0,0.8,6,4
52253,1,1003,15,1,1,0,0.0,5,0,-0.1999999999999999,9,2
52282,0,1004,15,0,4,0,1.6999999999999993,16,1,0.8,7,4
52283,1,1004,15,1,1,0,0.0,5,0,-1.0,6,2
52299,1,1005,8,0,2,0,1.1999999999999995,11,0,0.0,4,2
52300,0,1005,9,0,0,1,0.0,0,0,-1.0,3,0
52317,0,1006,9,1,1,0,0.5000000000000001,11,0,0.8,3,2
52318,1,1006,9,0,0,0,0.0,0,2,-1.1,4,0
52334,1,1007,8,0,1,0,0.6000000000000002,6,1,0.8,4,1
52335,0,1007,9,1,0,0,0.0,5,0,-1.0,3,1
52434,0,1008,50,0,10,1,1.7999999999999985,17,0,1.0,14,10
52435,1,1008,50,1,11,0,2.399999999999997,29,0,1.0,16,12
52464,0,1009,15,2,2,0,0.5000000000000003,17,0,0.0,4,4
52465,1,1009,15,0,1,0,0.0,0,2,-1.1,7,1
52494,0,1010,15,0,3,0,1.1,10,0,0.0,8,3
52495,1,1010,15,1,1,0,0.0,5,0,-1.0,8,2
52594,0,1011,50,1,9,1,1.1999999999999993,17,1,1.8,16,10
52595,1,1011,50,0,8,0,0.6000000000000001,6,0,1.0,14,8
52612,0,1012,9,2,1,0,0.5000000000000002,17,0,1.2000000000000002,5,3
52613,1,1012,9,0,0,0,0.0,0,2,-1.1,4,0
52712,0,1013,50,1,9,1,1.1999999999999995,17,0,1.0,15,10
52713,1,1013,50,1,7,1,5.828670879282072e-16,6,0,1.0,12,8
52754,0,1014,21,1,5,0,1.6999999999999993,22,0,-0.4,13,6
52755,1,1014,21,1,2,0,0.0,5,0,-1.0,9,3
52820,0,1015,33,1,7,1,1.6999999999999984,22,0,-0.4,12,8
52821,1,1015,33,1,4,1,0.0,5,0,-1.0,10,5
52898,0,1016,39,2,6,0,0.5000000000000001,17,0,0.0,13,8
52899,1,1016,39,1,5,0,0.0,5,0,-0.1999999999999999,8,6
52928,0,1017,15,0,4,0,1.7000000000000002,17,1,0.8,8,4
52929,1,1017,15,1,1,0,0.0,5,0,-1.0,7,2
52945,1,1018,8,1,0,0,1.3877787807814454e-16,6,0,0.8,4,1
52946,0,1018,9,1,0,0,0.0,5,0,-1.0,5,1
52963,0,1019,9,2,1,0,0.5000000000000002,17,0,1.2000000000000002,5,3
52964,1,1019,9,0,0,0,0.0,0,0,-1.0,4,0
53063,0,1020,50,1,8,2,0.6000000000000001,12,0,1.8,11,9
53064,1,1020,50,0,11,0,2.399999999999997,23,1,1.8,12,11
53163,0,1021,50,0,10,4,1.799999999999999,17,0,1.0,10,10
53164,1,1021,50,0,11,1,2.399999999999997,23,0,1.0,10,11
53217,0,1022,27,1,5,0,1.0999999999999996,16,0,-0.4,10,6
53218,1,1022,27,1,3,0,0.0,5,0,-1.0,8,4
53317,0,1023,50,2,7,0,5.828670879282072e-16,12,0,1.8,10,9
53318,1,1023,50,0,7,0,9.15933995315754e-16,0,2,0.9,13,7
53335,0,1024,9,0,1,0,0.5000000000000001,5,1,0.8,4,1
53336,1,1024,9,0,0,0,0.0,0,2,-1.1,4,0
53377,0,1025,21,0,4,0,1.0999999999999996,10,0,0.0,14,4
53378,1,1025,21,0,2,0,0.0,0,0,-1.0,9,2
53395,0,1026,9,1,2,0,1.0999999999999996,16,0,0.8,5,3
53396,1,1026,9,0,0,0,0.0,0,2,-1.1,4,0
53413,0,1027,9,1,2,0,1.1,17,1,0.8,5,3
53414,1,1027,9,1,0,0,0.0,5,0,-1.0,5,1
53430,1,1028,8,0,1,0,0.6000000000000002,6,0,0.0,4,1
53431,0,1028,9,2,0,0,0.0,11,0,-0.1999999999999999,3,2
53530,0,1029,50,2,12,1,2.999999999999997,41,0,1.8,15,14
53531,1,1029,50,1,9,1,1.1999999999999993,17,0,1.8,17,10
53584,0,1030,27,4,4,0,0.5000000000000002,29,0,0.0,11,8
53585,1,1030,27,0,3,0,0.0,0,1,-1.1,10,3
53638,0,1031,27,2,4,0,0.5000000000000001,17,0,-0.4,10,6
53639,1,1031,27,1,3,0,0.0,5,0,-0.1999999999999999,7,4
53668,0,1032,15,0,2,0,0.5000000000000003,5,0,0.0,7,2
53669,1,1032,15,1,1,0,0.0,5,0,-0.1999999999999999,7,2
53698,0,1033,15,3,2,0,0.5000000000000001,22,0,1.2000000000000002,5,5
53699,1,1033,15,1,1,0,0.0,5,0,-0.1999999999999999,6,2
53716,0,1034,9,1,1,0,0.5000000000000001,11,1,0.8,4,2
53717,1,1034,9,0,0,0,0.0,0,2,-1.1,4,0
53770,0,1035,27,1,6,0,1.6999999999999993,22,0,-0.4,11,7
53771,1,1035,27,1,3,1,0.0,5,0,-1.0,8,4
53870,0,1036,50,1,9,2,1.1999999999999995,17,0,1.8,13,10
53871,1,1036,50,0,10,0,1.799999999999998,17,0,1.0,12,10
53900,0,1037,15,4,2,0,0.5000000000000001,28,0,1.2000000000000002,7,6
53901,1,1037,15,0,1,0,0.0,0,2,-1.1,7,1
53918,0,1038,9,1,2,0,1.1,16,0,0.8,7,3
53919,1,1038,9,1,0,0,0.0,5,0,-1.0,5,1
53936,0,1039,9,1,2,0,1.0999999999999996,16,0,0.0,6,3
53937,1,1039,9,0,0,0,0.0,0,2,-1.1,3,0
53978,0,1040,21,2,3,0,0.5000000000000006,17,0,-0.4,8,5
53979,1,1040,21,1,2,0,0.0,5,0,-0.1999999999999999,7,3
54020,0,1041,21,0,3,0,0.5000000000000004,5,0,0.0,6,3
54021,1,1041,21,1,2,0,0.0,5,0,-0.1999999999999999,9,3
54120,0,1042,50,0,12,2,2.9999999999999973,29,2,1.9,16,12
54121,1,1042,50,0,11,1,2.3999999999999995,23,1,1.4,19,11
54220,0,1043,50,0,8,1,0.6000000000000003,6,0,1.0,10,8
54221,1,1043,50,1,10,0,1.7999999999999967,23,0,1.8,8,11
54238,0,1044,9,1,2,0,1.0999999999999996,16,0,0.8,6,3
54239,1,1044,9,1,0,0,0.0,5,2,-1.1,5,1
54256,0,1045,9,2,1,0,0.5000000000000002,17,0,1.2000000000000002,6,3
54257,1,1045,9,1,0,0,0.0,5,2,-1.1,7,1
54356,0,1046,50,0,8,1,0.6000000000000008,6,0,1.0,12,8
54357,1,1046,50,0,9,0,1.1999999999999993,11,0,1.0,11,9
54374,0,1047,9,1,1,0,0.5000000000000002,11,0,0.0,6,2
54375,1,1047,9,1,0,0,0.0,5,0,-1.0,4,1
54440,0,1048,33,3,5,0,0.5000000000000001,22,0,1.2000000000000002,10,8
54441,1,1048,33,0,4,1,0.0,0,2,-1.1,13,4
54457,1,1049,8,0,1,0,0.6000000000000002,6,0,0.0,3,1
54458,0,1049,9,1,0,0,0.0,5,0,-0.1999999999999999,2,1
54557,0,1050,50,0,11,2,2.399999999999997,23,2,1.9,18,11
54558,1,1050,50,0,9,2,1.1999999999999988,11,2,0.9,17,9
54587,0,1051,15,2,4,0,1.6999999999999993,28,0,1.2000000000000002,6,6
54588,1,1051,15,1,1,0,0.0,5,0,-1.0,6,2
54617,0,1052,15,0,2,0,0.5000000000000003,5,2,-0.1,9,2
54618,1,1052,15,1,1,0,0.0,5,0,-0.1999999999999999,5,2
54659,0,1053,21,2,3,0,0.5,17,0,0.0,9,5
54660,1,1053,21,0,2,0,0.0,0,2,-1.1,8,2
54713,0,1054,27,1,4,0,0.5000000000000004,11,0,0.8,7,5
54714,1,1054,27,0,3,0,0.0,0,0,-1.0,6,3
54731,0,1055,9,2,2,0,1.0999999999999996,22,0,0.0,3,4
54732,1,1055,9,0,0,1,0.0,0,2,-1.1,5,0
54773,0,1056,21,1,4,0,1.0999999999999996,16,0,-0.4,10,5
54774,1,1056,21,1,2,1,0.0,5,0,-1.0,9,3
54815,0,1057,21,2,3,0,0.5000000000000006,17,0,-0.4,8,5
54816,1,1057,21,0,2,0,0.0,0,2,-1.1,9,2
54915,0,1058,50,0,10,2,1.799999999999998,17,0,1.0,16,10
54916,1,1058,50,0,12,0,2.999999999999998,29,0,1.0,15,12
54957,0,1059,21,1,4,0,1.0999999999999994,16,0,0.0,8,5
54958,1,1059,21,0,2,0,0.0,0,2,-1.1,8,2
54999,0,1060,21,1,3,0,0.5000000000000004,11,0,0.0,8,4
55000,1,1060,21,1,2,0,0.0,5,0,-1.0,7,3
55029,0,1061,15,1,2,0,0.5000000000000003,11,0,-0.4,8,3
55030,1,1061,15,0,1,0,0.0,0,2,-1.1,8,1
55047,0,1062,9,2,1,0,0.5000000000000002,17,0,0.8,4,3
55048,1,1062,9,0,0,0,0.0,0,2,-1.1,4,0
55089,0,1063,21,1,3,0,0.5000000000000001,11,0,-0.4,9,4
55090,1,1063,21,0,2,0,0.0,0,2,-1.1,8,2
55131,0,1064,21,2,4,0,1.0999999999999992,22,0,0.8,9,6
55132,1,1064,21,1,2,0,0.0,5,0,-1.0,7,3
55185,0,1065,27,1,4,0,0.5000000000000004,11,1,0.8,10,5
55186,1,1065,27,1,3,0,0.0,5,0,-0.1999999999999999,8,4
55203,0,1066,9,1,2,0,1.0999999999999996,16,0,-0.4,7,3
55204,1,1066,9,0,0,0,0.0,0,2,-1.1,3,0
55268,1,1067,32,1,6,0,1.2000000000000002,18,0,0.8,12,7
55269,0,1067,33,1,4,1,0.0,5,0,-0.1999999999999999,12,5
55298,0,1068,15,1,2,0,0.5000000000000002,11,0,-0.4,9,3
55299,1,1068,15,1,1,0,0.0,5,0,-1.0,8,2
55340,0,1069,21,0,3,0,0.5000000000000003,5,1,0.8,7,3
55341,1,1069,21,0,2,0,0.0,0,2,-1.1,9,2
55370,0,1070,15,1,3,0,1.1,16,0,0.8,8,4
55371,1,1070,15,1,1,0,0.0,5,0,-1.0,7,2
55388,0,1071,9,1,1,0,0.5000000000000002,11,0,0.0,5,2
55389,1,1071,9,0,0,0,0.0,0,2,-1.1,4,0
55442,0,1072,27,1,6,0,1.6999999999999993,22,0,0.0,9,7
55443,1,1072,27,1,3,0,0.0,5,0,-1.0,8,4
55507,1,1073,32,0,6,0,1.1999999999999993,11,2,-0.1,10,6
55508,0,1073,33,0,4,1,0.0,0,0,-1.0,13,4
55585,0,1074,39,2,6,1,0.5000000000000008,17,0,-0.4,12,8
55586,1,1074,39,1,5,0,0.0,5,0,-1.0,13,6
55603,0,1075,9,1,1,0,0.5000000000000001,11,0,-0.4,6,2
55604,1,1075,9,1,0,0,0.0,5,0,-1.0,5,1
55645,0,1076,21,1,4,0,1.0999999999999996,16,0,0.0,9,5
55646,1,1076,21,1,2,0,0.0,5,0,-1.0,10,3
55675,0,1077,15,0,2,0,0.5000000000000003,5,2,-0.1,8,2
55676,1,1077,15,0,1,0,0.0,0,0,-1.0,5,1
55693,0,1078,9,2,1,0,0.5000000000000001,17,0,-0.4,5,3
55694,1,1078,9,1,0,0,0.0,5,0,-1.0,4,1
55793,0,1079,50,0,8,2,0.6000000000000008,6,0,1.0,16,8
55794,1,1079,50,0,10,0,1.7999999999999994,17,1,1.8,16,10
55870,1,1080,38,0,6,0,0.6000000000000002,6,0,0.0,13,6
55871,0,1080,39,2,5,1,0.0,11,0,-0.1999999999999999,11,7
55948,0,1081,39,1,7,1,1.0999999999999996,16,0,-0.4,16,8
55949,1,1081,39,1,5,0,0.0,5,0,-0.1999999999999999,13,6
56048,0,1082,50,0,10,2,1.799999999999998,17,0,1.0,16,10
56049,1,1082,50,0,11,0,2.3999999999999986,23,0,1.0,16,11
56078,0,1083,15,2,3,0,1.0999999999999996,22,0,1.2000000000000002,6,5
56079,1,1083,15,1,1,1,0.0,5,0,-0.1999999999999999,6,2
56120,0,1084,21,2,4,0,1.0999999999999996,22,0,1.2000000000000002,11,6
56121,1,1084,21,1,2,0,0.0,5,2,-1.1,12,3
56138,0,1085,9,1,1,0,0.5000000000000002,11,0,0.0,5,2
56139,1,1085,9,1,0,0,0.0,5,0,-1.0,5,1
56180,0,1086,21,2,3,0,0.5000000000000003,17,0,0.0,7,5
56181,1,1086,21,0,2,0,0.0,0,2,-1.1,5,2
56198,0,1087,9,1,1,0,0.5000000000000001,11,0,-0.4,5,2
56199,1,1087,9,1,0,0,0.0,5,0,-1.0,5,1
56298,0,1088,50,2,12,0,2.999999999999998,41,0,1.8,12,14
56299,1,1088,50,1,9,1,1.1999999999999993,17,0,1.8,20,10
56398,0,1089,50,0,12,0,2.999999999999997,29,0,1.0,17,12
56399,1,1089,50,1,7,0,1.3877787807814454e-16,6,0,1.0,15,8
56498,0,1090,50,1,12,0,2.9999999999999973,35,0,1.0,14,13
56499,1,1090,50,1,8,0,0.5999999999999999,11,0,0.6,19,9
56516,0,1091,9,1,2,0,1.0999999999999996,16,0,-0.4,5,3
56517,1,1091,9,1,0,0,0.0,5,0,-1.0,4,1
56534,0,1092,9,2,1,0,0.5000000000000001,17,0,0.0,2,3
56535,1,1092,9,1,0,1,0.0,5,0,-0.1999999999999999,4,1
56552,0,1093,9,1,1,0,0.5000000000000001,11,1,0.8,6,2
56553,1,1093,9,1,0,0,0.0,5,0,-0.1999999999999999,5,1
56594,0,1094,21,0,4,0,1.0999999999999996,10,0,0.0,11,4
56595,1,1094,21,1,2,0,0.0,5,0,-0.1999999999999999,7,3
56612,0,1095,9,1,2,0,1.1,17,1,0.8,5,3
56613,1,1095,9,1,0,0,0.0,5,2,-1.1,5,1
56712,0,1096,50,1,12,0,2.9999999999999973,35,0,1.0,15,13
56713,1,1096,50,1,8,0,0.6000000000000003,12,0,0.6,14,9
56730,0,1097,9,1,1,0,0.5000000000000001,11,0,-0.4,5,2
56731,1,1097,9,1,0,0,0.0,5,0,-0.1999999999999999,4,1
56784,0,1098,27,0,5,0,1.0999999999999996,10,0,0.0,13,5
56785,1,1098,27,0,3,0,0.0,0,0,-1.0,11,3
56884,0,1099,50,1,9,2,1.2,17,1,1.8,15,10
56885,1,1099,50,1,7,1,1.3877787807814454e-16,6,0,1.8,18,8
56984,0,1100,50,1,8,2,0.5999999999999993,11,0,1.8,18,9
56985,1,1100,50,0,10,0,1.7999999999999998,17,0,1.0,17,10
57002,0,1101,9,1,1,0,0.5000000000000002,11,0,-0.4,6,2
57003,1,1101,9,1,0,0,0.0,5,0,-0.1999999999999999,4,1
57019,1,1102,8,1,0,0,1.3877787807814454e-16,6,0,0.8,2,1
57020,0,1102,9,2,0,0,0.0,11,0,-0.1999999999999999,4,2
57085,0,1103,33,2,6,1,1.0999999999999983,22,0,0.8,9,8
57086,1,1103,33,1,4,1,0.0,5,0,-1.0,9,5
57127,0,1104,21,2,4,0,1.0999999999999996,22,0,1.2000000000000002,7,6
57128,1,1104,21,1,2,0,0.0,5,0,-1.0,9,3
57227,0,1105,50,1,10,0,1.7999999999999994,23,1,1.8,15,11
57228,1,1105,50,1,8,0,0.6000000000000005,12,0,1.8,14,9
57327,0,1106,50,1,11,3,2.3999999999999986,29,0,1.8,15,12
57328,1,1106,50,1,9,2,1.199999999999997,17,0,0.6,16,10
57427,0,1107,50,1,9,3,1.1999999999999984,17,0,1.8,14,10
57428,1,1107,50,0,11,0,2.3999999999999986,23,1,1.8,14,11
57457,0,1108,15,0,2,0,0.5000000000000003,5,1,-0.1,8,2
57458,1,1108,15,0,1,0,0.0,0,0,-1.0,6,1
57511,0,1109,27,1,5,0,1.0999999999999996,16,0,0.0,8,6
57512,1,1109,27,1,3,0,0.0,5,0,-1.0,8,4
57553,0,1110,21,2,4,0,1.1,22,0,-0.4,10,6
57554,1,1110,21,1,2,0,0.0,5,0,-1.0,8,3
57583,0,1111,15,1,2,0,0.5000000000000003,11,0,0.0,7,3
57584,1,1111,15,1,1,0,0.0,5,2,-1.1,8,2
57601,0,1112,9,1,1,0,0.5000000000000002,11,0,0.8,5,2
57602,1,1112,9,1,0,0,0.0,5,0,-0.1999999999999999,4,1
57619,0,1113,9,1,1,0,0.5000000000000002,11,0,0.0,4,2
57620,1,1113,9,1,0,0,0.0,5,2,-1.1,6,1
57637,0,1114,9,1,1,0,0.5000000000000002,11,0,0.0,5,2
57638,1,1114,9,1,0,0,0.0,5,0,-0.1999999999999999,3,1
57667,0,1115,15,2,2,0,0.5000000000000003,17,0,0.8,6,4
57668,1,1115,15,0,1,0,0.0,0,2,-1.1,7,1
57685,0,1116,9,1,1,0,0.5000000000000001,11,1,0.8,5,2
57686,1,1116,9,0,0,0,0.0,0,2,-1.1,5,0
57785,0,1117,50,0,7,2,9.15933995315754e-16,0,0,1.0,15,7
57786,1,1117,50,1,9,0,1.1999999999999988,17,0,1.8,11,10
57827,0,1118,21,2,3,0,0.5000000000000006,17,0,0.8,6,5
57828,1,1118,21,0,2,0,0.0,0,2,-1.1,9,2
57845,0,1119,9,1,1,0,0.5000000000000002,11,0,-0.4,5,2
57846,1,1119,9,0,0,0,0.0,0,2,-1.1,4,0
57899,0,1120,27,2,4,0,0.5000000000000004,17,0,-0.4,9,6
57900,1,1120,27,1,3,0,0.0,5,0,-1.0,8,4
57929,0,1121,15,1,3,0,1.0999999999999996,16,0,0.0,6,4
57930,1,1121,15,0,1,0,0.0,0,2,-1.1,5,1
58029,0,1122,50,0,10,2,1.7999999999999976,17,0,1.0,13,10
58030,1,1122,50,0,11,0,2.399999999999997,23,0,1.0,13,11
58047,0,1123,9,1,1,0,0.5000000000000002,11,0,0.0,5,2
58048,1,1123,9,0,0,0,0.0,0,2,-1.1,6,0
58110,1,1124,31,1,7,0,1.8999999999999997,24,0,0.0,16,8
58111,0,1124,32,1,4,2,0.0,5,0,-0.1999999999999999,14,5
58140,0,1125,15,1,3,0,1.1,17,0,-0.4,10,4
58141,1,1125,15,1,1,0,0.0,5,0,-1.0,9,2
58170,0,1126,15,1,2,0,0.5000000000000003,11,0,0.0,5,3
58171,1,1126,15,0,1,0,0.0,0,2,-1.1,7,1
58258,0,1127,44,2,9,1,1.7999999999999998,30,0,0.8,16,11
58259,1,1127,44,1,6,1,0.0,5,0,-1.0,14,7
58288,0,1128,15,3,3,0,1.0999999999999996,28,0,-0.4,6,6
58289,1,1128,15,0,1,1,0.0,0,1,-1.1,8,1
58342,0,1129,27,3,4,0,0.5000000000000001,22,0,1.2000000000000002,8,7
58343,1,1129,27,1,3,0,0.0,5,0,-0.1999999999999999,7,4
58442,0,1130,50,0,9,1,1.1999999999999984,11,0,1.0,14,9
58443,1,1130,50,1,8,1,0.6000000000000005,12,0,1.8,13,9
58542,0,1131,50,1,8,3,0.6000000000000002,12,0,1.8,12,9
58543,1,1131,50,0,11,0,2.399999999999998,23,1,1.8,15,11
58572,0,1132,15,3,2,0,0.5000000000000001,22,0,-0.4,6,5
58573,1,1132,15,0,1,0,0.0,0,2,-1.1,5,1
58602,0,1133,15,1,4,0,1.6999999999999995,22,1,0.8,9,5
58603,1,1133,15,1,1,1,0.0,5,0,-1.0,7,2
58702,0,1134,50,2,11,1,2.3999999999999977,35,0,1.0,19,13
58703,1,1134,50,0,8,2,0.6000000000000002,6,1,1.8,15,8
58802,0,1135,50,1,9,1,1.1999999999999995,17,0,1.0,17,10
58803,1,1135,50,1,8,1,0.6000000000000004,12,1,1.8,15,9
58820,0,1136,9,2,2,0,1.0999999999999996,22,0,0.8,5,4
58821,1,1136,9,1,0,1,0.0,5,0,-1.0,4,1
58849,1,1137,14,0,2,0,0.6000000000000003,6,0,0.0,4,2
58850,0,1137,15,2,1,0,0.0,11,0,-0.1999999999999999,6,3
58879,0,1138,15,2,2,0,0.5000000000000003,17,0,1.2000000000000002,8,4
58880,1,1138,15,0,1,0,0.0,0,2,-1.1,6,1
58909,0,1139,15,1,4,0,1.6999999999999993,22,1,0.8,6,5
58910,1,1139,15,1,1,1,0.0,5,0,-1.0,8,2
59009,0,1140,50,2,11,1,2.399999999999998,35,0,1.0,17,13
59010,1,1140,50,1,7,1,5.828670879282072e-16,6,0,1.0,17,8
59062,1,1141,26,1,4,0,0.5999999999999998,11,0,0.0,6,5
59063,0,1141,27,0,3,0,0.0,0,0,-1.0,7,3
59140,0,1142,39,1,8,0,1.6999999999999993,22,0,0.0,13,9
59141,1,1142,39,1,5,1,0.0,5,0,-1.0,16,6
59157,1,1143,8,0,1,0,0.6000000000000001,6,1,-0.1,5,1
59158,0,1143,9,2,0,0,0.0,11,0,-0.1999999999999999,5,2
59175,0,1144,9,2,1,0,0.5000000000000001,17,0,-0.4,5,3
59176,1,1144,9,0,0,0,0.0,0,2,-1.1,4,0
59229,0,1145,27,1,4,0,0.5000000000000006,11,0,-0.4,10,5
59230,1,1145,27,1,3,0,0.0,5,2,-1.1,8,4
59247,0,1146,9,1,1,0,0.5000000000000001,11,0,0.0,4,2
59248,1,1146,9,0,0,0,0.0,0,2,-1.1,5,0
59313,0,1147,33,2,6,1,1.0999999999999983,22,0,-0.4,9,8
59314,1,1147,33,1,4,1,0.0,5,0,-1.0,8,5
59331,0,1148,9,0,1,0,0.5000000000000002,5,0,0.0,4,1
59332,1,1148,9,0,0,0,0.0,0,0,-1.0,2,0
59385,0,1149,27,3,5,0,1.0999999999999992,28,0,1.2000000000000002,10,8
59386,1,1149,27,1,3,0,0.0,5,0,-1.0,10,4
59439,0,1150,27,2,7,0,2.299999999999999,34,0,1.2000000000000002,15,9
59440,1,1150,27,1,3,2,0.0,5,0,-1.0,12,4
59481,0,1151,21,1,3,0,0.5000000000000002,11,1,0.8,8,4
59482,1,1151,21,0,2,0,0.0,0,2,-1.1,12,2
59581,0,1152,50,2,11,0,2.399999999999998,35,0,1.8,19,13
59582,1,1152,50,2,8,0,0.6000000000000008,18,0,2.2,18,10
59681,0,1153,50,0,9,3,1.1999999999999975,11,0,1.0,15,9
59682,1,1153,50,0,11,2,2.3999999999999995,23,0,1.0,15,11
59781,0,1154,50,0,8,4,0.6000000000000006,6,0,1.0,15,8
59782,1,1154,50,0,10,1,1.7999999999999976,17,0,1.0,16,10
59811,0,1155,15,2,2,0,0.5000000000000002,17,0,-0.4,7,4
59812,1,1155,15,1,1,0,0.0,5,0,-1.0,6,2
59911,0,1156,50,1,9,2,1.2,17,1,1.4,16,10
59912,1,1156,50,0,11,0,2.3999999999999977,23,0,1.0,14,11
59941,0,1157,15,1,2,0,0.5000000000000002,11,1,0.8,7,3
59942,1,1157,15,0,1,0,0.0,0,2,-1.1,9,1
60041,0,1158,50,0,8,3,0.6000000000000006,6,1,1.8,12,8
60042,1,1158,50,0,10,0,1.7999999999999972,17,1,1.8,12,10
60059,0,1159,9,3,1,0,0.5000000000000001,22,0,-0.4,4,4
60060,1,1159,9,0,0,1,0.0,0,1,-1.1,5,0
60077,0,1160,9,1,1,0,0.5000000000000002,11,0,0.0,4,2
60078,1,1160,9,0,0,0,0.0,0,2,-1.1,4,0
60177,0,1161,50,0,9,3,1.1999999999999993,11,0,1.0,15,9
60178,1,1161,50,1,11,0,2.399999999999997,29,0,1.0,11,12
60207,0,1162,15,1,2,0,0.5000000000000002,11,0,-0.4,7,3
60208,1,1162,15,0,1,0,0.0,0,2,-1.1,8,1
60225,0,1163,9,2,1,0,0.5000000000000001,17,0,1.2000000000000002,5,3
60226,1,1163,9,0,0,0,0.0,0,2,-1.1,3,0
60279,0,1164,27,1,4,0,0.5000000000000004,11,1,0.8,9,5
60280,1,1164,27,0,3,0,0.0,0,2,-1.1,13,3
60308,1,1165,14,0,1,0,1.3877787807814454e-16,0,0,0.0,6,1
60309,0,1165,15,1,1,0,0.0,5,0,-0.1999999999999999,7,2
60408,0,1166,50,0,9,2,1.1999999999999988,11,0,1.0,12,9
60409,1,1166,50,1,11,0,2.399999999999998,29,0,1.0,14,12
60426,0,1167,9,1,2,0,1.0999999999999996,16,0,-0.4,7,3
60427,1,1167,9,1,0,0,0.0,5,2,-1.1,5,1
60444,0,1168,9,1,2,0,1.1,16,0,0.0,5,3
60445,1,1168,9,1,0,0,0.0,5,0,-1.0,4,1
60533,1,1169,44,1,8,0,1.1999999999999984,17,0,0.0,15,9
60534,0,1169,45,1,6,4,0.0,5,0,-0.1999999999999999,15,7
60586,1,1170,26,0,6,0,1.799999999999999,17,1,-0.1,9,6
60587,0,1170,27,0,3,1,0.0,0,0,-1.0,13,3
60616,0,1171,15,1,3,0,1.1,16,0,-0.4,7,4
60617,1,1171,15,1,1,0,0.0,5,0,-1.0,6,2
60658,0,1172,21,2,4,0,1.0999999999999994,22,0,-0.4,8,6
60659,1,1172,21,1,2,0,0.0,5,0,-1.0,9,3
60688,0,1173,15,1,3,0,1.1,17,1,0.4,9,4
60689,1,1173,15,1,1,0,0.0,5,0,-0.1999999999999999,5,2
60788,0,1174,50,0,11,3,2.3999999999999977,23,0,1.0,18,11
60789,1,1174,50,0,11,1,2.399999999999998,23,0,1.0,16,11
60805,1,1175,8,1,2,0,1.1999999999999995,17,0,0.8,5,3
60806,0,1175,9,0,0,1,0.0,0,0,-1.0,4,0
60835,0,1176,15,0,2,1,0.5000000000000003,5,2,-0.1,8,2
60836,1,1176,15,1,1,0,0.0,5,0,-0.1999999999999999,5,2
60889,0,1177,27,3,5,0,1.0999999999999983,28,0,1.2000000000000002,10,8
60890,1,1177,27,1,3,0,0.0,5,0,-1.0,10,4
60919,0,1178,15,2,2,0,0.5000000000000003,17,0,0.8,7,4
60920,1,1178,15,0,1,0,0.0,0,2,-1.1,7,1
60949,0,1179,15,1,2,0,0.5000000000000003,11,0,-0.4,7,3
60950,1,1179,15,1,1,0,0.0,5,0,-0.1999999999999999,7,2
61049,0,1180,50,1,10,1,1.7999999999999976,23,0,1.0,14,11
61050,1,1180,50,0,8,1,0.6,5,0,1.0,14,8
61079,0,1181,15,1,3,0,1.1,17,1,0.8,7,4
61080,1,1181,15,1,1,0,0.0,5,0,-1.0,7,2
61169,0,1182,45,2,7,0,0.5000000000000008,17,1,0.8,10,9
61170,1,1182,45,0,6,0,0.0,0,2,-1.1,10,6
61187,0,1183,9,2,1,0,0.5000000000000002,17,0,0.8,4,3
61188,1,1183,9,1,0,0,0.0,5,0,-1.0,5,1
61205,0,1184,9,0,2,0,1.1,10,0,0.0,5,2
61206,1,1184,9,1,0,0,0.0,5,0,-1.0,4,1
61271,0,1185,33,1,5,1,0.4999999999999993,10,0,0.0,13,6
61272,1,1185,33,1,4,0,0.0,5,2,-1.1,15,5
61313,0,1186,21,1,3,0,0.5000000000000003,11,0,0.0,9,4
61314,1,1186,21,1,2,0,0.0,5,0,-1.0,7,3
61331,0,1187,9,1,2,0,1.0999999999999996,16,0,-0.4,5,3
61332,1,1187,9,1,0,1,0.0,5,0,-0.1999999999999999,4,1
61431,0,1188,50,0,10,1,1.7999999999999994,17,0,1.0,16,10
61432,1,1188,50,0,9,0,1.2000000000000004,12,0,1.0,14,9
61461,0,1189,15,1,2,0,0.5000000000000002,11,1,0.8,8,3
61462,1,1189,15,1,1,0,0.0,5,0,-0.1999999999999999,6,2
61478,1,1190,8,1,0,0,1.3877787807814454e-16,6,0,0.8,4,1
61479,0,1190,9,2,0,0,0.0,11,0,-0.1999999999999999,3,2
61578,0,1191,50,0,9,2,1.1999999999999995,11,0,1.0,9,9
61579,1,1191,50,0,10,0,1.7999999999999967,17,0,1.0,9,10
61620,0,1192,21,1,4,0,1.0999999999999996,16,0,-0.4,12,5
61621,1,1192,21,1,2,0,0.0,5,0,-1.0,10,3
61686,0,1193,33,1,6,0,1.0999999999999996,16,0,-0.4,11,7
61687,1,1193,33,0,4,0,0.0,0,2,-1.1,11,4
61716,0,1194,15,1,2,0,0.5000000000000002,11,1,0.8,6,3
61717,1,1194,15,1,1,0,0.0,5,0,-0.1999999999999999,7,2
61746,0,1195,15,1,3,0,1.0999999999999996,16,0,0.0,6,4
61747,1,1195,15,1,1,0,0.0,5,0,-1.0,5,2
61798,0,1196,26,2,5,0,1.1999999999999995,23,0,1.2000000000000002,11,7
61799,1,1196,26,1,3,1,0.0,5,0,-1.0,8,4
61840,0,1197,21,0,3,1,0.5000000000000002,5,1,0.8,8,3
61841,1,1197,21,1,2,0,0.0,5,0,-0.1999999999999999,8,3
61906,0,1198,33,2,7,0,1.6999999999999988,28,0,1.2000000000000002,12,9
61907,1,1198,33,1,4,1,0.0,5,0,-1.0,13,5
61924,0,1199,9,1,1,0,0.5000000000000001,11,0,-0.4,5,2
61925,1,1199,9,1,0,0,0.0,5,0,-1.0,6,1
61942,0,1200,9,1,1,0,0.5000000000000002,11,0,0.8,3,2
61943,1,1200,9,0,0,0,0.0,0,2,-1.1,5,0
61960,0,1201,9,1,1,0,0.5000000000000002,11,0,0.8,5,2
61961,1,1201,9,1,0,0,0.0,5,0,-0.1999999999999999,3,1
62060,0,1202,50,0,10,1,1.7999999999999985,17,0,1.0,14,10
62061,1,1202,50,0,11,0,2.3999999999999995,23,0,1.0,14,11
62160,0,1203,50,2,9,0,1.2000000000000002,24,0,1.8,15,11
62161,1,1203,50,0,8,1,0.5999999999999995,5,0,1.0,13,8
62178,0,1204,9,1,2,0,1.1,17,1,0.8,6,3
62179,1,1204,9,1,0,0,0.0,5,0,-1.0,5,1
62220,0,1205,21,3,4,0,1.0999999999999996,28,0,0.0,9,7
62221,1,1205,21,0,2,1,0.0,0,2,-1.1,10,2
62262,0,1206,21,1,5,0,1.6999999999999993,22,1,0.8,10,6
62263,1,1206,21,1,2,1,0.0,5,0,-1.0,11,3
62362,0,1207,50,1,12,0,2.999999999999998,35,1,1.8,15,13
62363,1,1207,50,0,9,0,1.1999999999999995,11,0,1.0,17,9
62392,0,1208,15,2,2,0,0.5000000000000003,17,0,0.0,7,4
62393,1,1208,15,0,1,0,0.0,0,2,-1.1,8,1
62422,0,1209,15,2,2,0,0.5000000000000003,17,0,0.0,6,4
62423,1,1209,15,0,1,0,0.0,0,2,-1.1,7,1
62452,0,1210,15,0,2,0,0.5000000000000001,5,0,0.0,7,2
62453,1,1210,15,0,1,0,0.0,0,2,-1.1,8,1
62542,0,1211,45,2,8,1,1.0999999999999996,22,0,0.0,15,10
62543,1,1211,45,0,6,1,0.0,0,2,-1.1,16,6
62608,0,1212,33,2,6,1,1.0999999999999996,22,2,0.0999999999999999,15,8
62609,1,1212,33,0,5,1,0.6,5,2,-1.1,15,5
62708,0,1213,50,2,12,0,2.999999999999998,41,0,1.8,17,14
62709,1,1213,50,1,8,0,0.5999999999999998,11,0,0.6,16,9
62750,0,1214,21,2,3,0,0.5000000000000002,17,0,1.2000000000000002,8,5
62751,1,1214,21,0,2,0,0.0,0,2,-1.1,9,2
62768,0,1215,9,1,2,0,1.0999999999999996,16,0,0.0,6,3
62769,1,1215,9,0,0,0,0.0,0,1,-1.1,4,0
62786,0,1216,9,2,2,0,1.0999999999999996,22,0,0.8,5,4
62787,1,1216,9,1,0,0,0.0,5,0,-1.0,5,1
62876,0,1217,45,1,8,0,1.1,17,0,0.8,14,9
62877,1,1217,45,1,6,0,0.0,5,0,-1.0,13,7
62906,0,1218,15,0,4,0,1.7000000000000002,17,1,0.8,8,4
62907,1,1218,15,1,1,0,0.0,5,0,-1.0,7,2
62972,0,1219,33,2,6,0,1.0999999999999983,22,0,1.2000000000000002,12,8
62973,1,1219,33,1,4,0,0.0,5,2,-1.1,13,5
63038,0,1220,33,1,5,0,0.5000000000000008,11,0,-0.4,10,6
63039,1,1220,33,0,4,0,0.0,0,0,-1.0,10,4
63090,0,1221,26,1,7,0,2.3999999999999995,29,0,-0.4,15,8
63091,1,1221,26,1,3,1,0.0,5,0,-1.0,12,4
63144,0,1222,27,2,6,0,1.6999999999999988,28,0,1.2000000000000002,10,8
63145,1,1222,27,1,3,0,0.0,5,0,-1.0,8,4
63244,0,1223,50,1,11,0,2.3999999999999986,29,1,1.8,13,12
63245,1,1223,50,1,9,0,1.1999999999999993,17,0,0.6,15,10
63262,0,1224,9,1,2,0,1.0999999999999996,16,0,-0.4,6,3
63263,1,1224,9,1,0,0,0.0,5,0,-1.0,4,1
63291,1,1225,14,1,1,0,2.498001805406602e-16,6,0,0.0,7,2
63292,0,1225,15,1,1,0,0.0,5,0,-1.0,7,2
63356,1,1226,32,0,5,0,0.5999999999999998,5,0,0.0,9,5
63357,0,1226,33,2,4,1,0.0,11,0,-0.1999999999999999,10,6
63374,0,1227,9,1,1,0,0.5000000000000001,11,1,0.8,4,2
63375,1,1227,9,1,0,0,0.0,5,0,-0.1999999999999999,4,1
63404,0,1228,15,2,2,0,0.5000000000000003,17,0,-0.4,8,4
63405,1,1228,15,1,1,0,0.0,5,0,-1.0,5,2
63458,0,1229,27,0,6,0,1.7000000000000002,17,1,0.8,8,6
63459,1,1229,27,1,3,0,0.0,5,0,-1.0,6,4
63524,0,1230,33,2,6,0,1.0999999999999996,22,0,0.8,13,8
63525,1,1230,33,0,4,1,0.0,0,2,-1.1,12,4
63542,0,1231,9,2,1,0,0.5000000000000001,17,0,0.8,4,3
63543,1,1231,9,0,0,0,0.0,0,2,-1.1,3,0
63642,0,1232,50,4,10,0,1.799999999999998,41,0,1.8,14,14
63643,1,1232,50,0,7,2,5.828670879282072e-16,0,1,0.9,14,7
63672,0,1233,15,2,2,0,0.5000000000000003,17,0,0.8,6,4
63673,1,1233,15,1,1,0,0.0,5,0,-1.0,7,2
63726,0,1234,27,2,6,0,1.6999999999999993,28,0,1.2000000000000002,12,8
63727,1,1234,27,1,3,1,0.0,5,0,-1.0,10,4
63780,0,1235,27,2,5,0,1.0999999999999992,22,0,-0.4,10,7
63781,1,1235,27,1,3,0,0.0,5,0,-1.0,11,4
63822,0,1236,21,1,4,0,1.0999999999999996,16,0,0.8,10,5
63823,1,1236,21,1,2,0,0.0,5,0,-1.0,9,3
63876,0,1237,27,1,5,1,1.0999999999999992,16,0,0.0,9,6
63877,1,1237,27,1,3,1,0.0,5,0,-1.0,9,4
63893,1,1238,8,0,1,0,0.6000000000000002,6,0,0.0,3,1
63894,0,1238,9,1,0,0,0.0,5,0,-1.0,3,1
63910,1,1239,8,0,1,0,0.6000000000000002,6,0,0.0,4,1
63911,0,1239,9,1,0,0,0.0,5,0,-0.1999999999999999,3,1
63940,0,1240,15,1,3,0,1.0999999999999996,16,0,0.0,5,4
63941,1,1240,15,1,1,0,0.0,5,0,-1.0,7,2
64040,0,1241,50,0,10,3,1.7999999999999967,17,0,1.0,16,10
64041,1,1241,50,0,11,1,2.3999999999999995,23,1,1.8,13,11
64070,0,1242,15,2,2,0,0.5000000000000001,17,0,0.0,7,4
64071,1,1242,15,0,1,0,0.0,0,2,-1.1,9,1
64100,0,1243,15,0,4,0,1.6999999999999995,16,0,0.0,6,4
64101,1,1243,15,1,1,0,0.0,5,0,-1.0,6,2
64154,0,1244,27,1,5,0,1.1000000000000003,17,0,-0.4,9,6
64155,1,1244,27,1,3,0,0.0,5,0,-1.0,10,4
64208,0,1245,27,1,4,0,0.5000000000000007,11,0,-0.4,8,5
64209,1,1245,27,0,3,0,0.0,0,0,-1.0,9,3
64226,0,1246,9,1,2,0,1.0999999999999996,16,0,-0.4,6,3
64227,1,1246,9,0,0,0,0.0,0,2,-1.1,6,0
64268,0,1247,21,0,3,0,0.5000000000000006,5,0,0.0,9,3
64269,1,1247,21,1,2,0,0.0,5,0,-0.1999999999999999,7,3
64368,0,1248,50,0,9,2,1.1999999999999995,11,1,1.4,19,9
64369,1,1248,50,0,10,1,1.799999999999999,17,0,1.0,18,10
64446,0,1249,39,1,8,1,1.6999999999999993,22,1,0.8,14,9
64447,1,1249,39,1,5,1,0.0,5,0,-1.0,16,6
64500,0,1250,27,1,4,0,0.5000000000000003,11,0,0.0,10,5
64501,1,1250,27,1,3,0,0.0,5,0,-0.1999999999999999,9,4
64600,0,1251,50,0,9,1,1.2000000000000006,12,1,1.4,21,9
64601,1,1251,50,0,10,0,1.799999999999999,17,0,1.0,13,10
64629,1,1252,14,0,3,0,1.1999999999999993,11,0,0.0,4,3
64630,0,1252,15,1,1,1,0.0,5,0,-0.1999999999999999,6,2
64729,0,1253,50,0,8,0,0.6000000000000009,6,0,1.0,12,8
64730,1,1253,50,0,8,0,0.6000000000000002,6,0,1.0,13,8
64829,0,1254,50,0,9,1,1.2000000000000006,12,1,1.8,16,9
64830,1,1254,50,0,9,0,1.1999999999999988,11,0,1.0,15,9
64871,0,1255,21,1,3,0,0.5000000000000003,11,0,-0.4,9,4
64872,1,1255,21,1,2,0,0.0,5,0,-1.0,9,3
64889,0,1256,9,1,1,0,0.5000000000000002,11,0,-0.4,5,2
64890,1,1256,9,1,0,0,0.0,5,0,-1.0,5,1
64943,0,1257,27,1,4,0,0.5,11,0,0.0,8,5
64944,1,1257,27,1,3,0,0.0,5,2,-1.1,10,4
64961,0,1258,9,1,1,0,0.5000000000000002,11,0,0.0,6,2
64962,1,1258,9,0,0,0,0.0,0,0,-1.0,3,0
64991,0,1259,15,0,2,0,0.5000000000000002,5,1,0.8,7,2
64992,1,1259,15,0,1,0,0.0,0,2,-1.1,9,1
65091,0,1260,50,0,10,3,1.7999999999999972,17,0,1.0,14,10
65092,1,1260,50,0,12,3,2.999999999999998,29,0,1.0,17,12
65133,0,1261,21,0,3,0,0.5000000000000002,5,1,0.8,7,3
65134,1,1261,21,0,2,0,0.0,0,2,-1.1,8,2
65163,0,1262,15,1,3,0,1.1,16,0,0.8,10,4
65164,1,1262,15,0,1,0,0.0,0,2,-1.1,4,1
65217,0,1263,27,2,4,0,0.5000000000000006,17,0,-0.4,10,6
65218,1,1263,27,0,3,0,0.0,0,2,-1.1,10,3
65247,0,1264,15,2,3,1,1.0999999999999996,22,0,0.0,6,5
65248,1,1264,15,0,1,1,0.0,0,1,-1.1,7,1
65313,0,1265,33,1,6,1,1.0999999999999992,16,0,-0.4,9,7
65314,1,1265,33,1,4,1,0.0,5,0,-1.0,9,5
65413,0,1266,50,2,9,1,1.1999999999999995,23,0,1.8,16,11
65414,1,1266,50,1,7,0,5.828670879282072e-16,6,0,1.0,14,8
65513,0,1267,50,3,10,1,1.799999999999998,35,0,1.8,19,13
65514,1,1267,50,0,7,1,1.3877787807814454e-16,0,0,1.0,18,7
65567,0,1268,27,1,4,0,0.5000000000000004,11,0,-0.4,9,5
65568,1,1268,27,1,3,0,0.0,5,0,-1.0,9,4
65585,0,1269,9,1,1,0,0.5000000000000001,11,1,0.8,4,2
65586,1,1269,9,1,0,0,0.0,5,0,-0.1999999999999999,4,1
65602,1,1270,8,0,1,0,0.6000000000000002,6,1,0.8,3,1
65603,0,1270,9,1,0,0,0.0,5,0,-1.0,3,1
65620,0,1271,9,0,1,0,0.5000000000000001,5,2,-0.1,5,1
65621,1,1271,9,0,0,0,0.0,0,2,-1.1,4,0
65674,0,1272,27,1,5,0,1.1000000000000003,17,1,0.8,7,6
65675,1,1272,27,1,3,0,0.0,5,0,-1.0,8,4
65764,0,1273,45,2,7,0,0.5000000000000006,17,0,-0.4,15,9
65765,1,1273,45,0,6,1,0.0,0,2,-1.1,11,6
65806,0,1274,21,0,5,0,1.6999999999999995,16,0,0.0,10,5
65807,1,1274,21,1,2,0,0.0,5,0,-1.0,9,3
65824,0,1275,9,1,1,0,0.5000000000000002,11,0,0.0,5,2
65825,1,1275,9,1,0,0,0.0,5,0,-1.0,4,1
65878,0,1276,27,1,4,0,0.5000000000000004,11,0,-0.4,8,5
65879,1,1276,27,1,3,0,0.0,5,0,-0.1999999999999999,7,4
65908,0,1277,15,1,3,0,1.0999999999999996,16,0,0.8,8,4
65909,1,1277,15,1,1,0,0.0,5,0,-1.0,7,2
65937,1,1278,14,1,3,0,1.1999999999999993,17,0,0.0,5,4
65938,0,1278,15,0,1,1,0.0,0,0,-1.0,6,1
65955,0,1279,9,0,1,0,0.5000000000000001,5,1,0.8,5,1
65956,1,1279,9,1,0,0,0.0,5,0,-0.1999999999999999,3,1
65973,0,1280,9,1,2,0,1.1,16,0,0.8,5,3
65974,1,1280,9,1,0,0,0.0,5,2,-1.1,5,1
66027,0,1281,27,2,4,0,0.5,17,0,0.0,9,6
66028,1,1281,27,1,3,0,0.0,5,0,-1.0,8,4
66045,0,1282,9,2,1,0,0.5000000000000001,17,0,0.0,3,3
66046,1,1282,9,0,0,1,0.0,0,2,-1.1,4,0
66075,0,1283,15,2,2,0,0.5000000000000003,17,0,0.0,6,4
66076,1,1283,15,0,1,0,0.0,0,2,-1.1,6,1
66175,0,1284,50,0,10,1,1.799999999999999,17,0,1.0,17,10
66176,1,1284,50,1,9,1,1.1999999999999995,17,0,1.8,15,10
66205,0,1285,15,1,2,0,0.5000000000000001,11,0,-0.4,6,3
66206,1,1285,15,1,1,0,0.0,5,0,-1.0,6,2
66283,0,1286,39,1,9,0,2.299999999999998,28,0,0.0,13,10
66284,1,1286,39,1,5,0,0.0,5,0,-1.0,13,6
66349,0,1287,33,1,5,0,0.5000000000000002,11,1,0.8,11,6
66350,1,1287,33,0,4,0,0.0,0,2,-1.1,13,4
66427,0,1288,39,2,7,0,1.0999999999999996,22,0,-0.4,13,9
66428,1,1288,39,1,5,1,0.0,5,0,-1.0,13,6
66505,0,1289,39,2,6,0,0.5000000000000008,17,0,-0.4,11,8
66506,1,1289,39,0,5,0,0.0,0,2,-1.1,10,5
66535,0,1290,15,0,2,0,0.5000000000000002,5,0,0.0,4,2
66536,1,1290,15,0,1,0,0.0,0,2,-1.1,5,1
66553,0,1291,9,1,2,0,1.0999999999999996,16,0,-0.4,6,3
66554,1,1291,9,1,0,0,0.0,5,0,-0.1999999999999999,4,1
66571,0,1292,9,1,1,0,0.5000000000000002,11,0,0.0,5,2
66572,1,1292,9,0,0,0,0.0,0,2,-1.1,5,0
66661,0,1293,45,1,8,0,1.1000000000000003,17,0,-0.4,12,9
66662,1,1293,45,0,6,0,0.0,0,2,-1.1,12,6
66679,0,1294,9,0,1,0,0.5000000000000002,5,0,0.0,4,1
66680,1,1294,9,0,0,0,0.0,0,0,-1.0,4,0
66697,0,1295,9,1,1,0,0.5000000000000002,11,0,0.8,6,2
66698,1,1295,9,0,0,0,0.0,0,2,-1.1,5,0
66727,0,1296,15,1,3,1,1.0999999999999992,16,0,0.0,5,4
66728,1,1296,15,1,1,1,0.0,5,0,-1.0,6,2
66757,0,1297,15,2,2,0,0.5000000000000003,17,0,0.8,6,4
66758,1,1297,15,1,1,0,0.0,5,0,-0.1999999999999999,7,2
66787,0,1298,15,3,2,0,0.5000000000000001,22,0,0.0,5,5
66788,1,1298,15,0,1,1,0.0,0,2,-1.1,5,1
66841,0,1299,27,1,5,0,1.1000000000000003,17,0,-0.4,9,6
66842,1,1299,27,1,3,0,0.0,5,0,-1.0,9,4
66883,0,1300,21,3,3,0,0.4999999999999998,22,0,0.8,7,6
66884,1,1300,21,1,2,0,0.0,5,0,-1.0,6,3
66937,0,1301,27,1,4,0,0.5000000000000006,11,0,0.8,8,5
66938,1,1301,27,0,3,0,0.0,0,2,-1.1,8,3
67037,0,1302,50,1,11,3,2.3999999999999977,29,0,1.8,15,12
67038,1,1302,50,1,11,2,2.399999999999997,29,0,1.8,13,12
67137,0,1303,50,0,9,1,1.1999999999999984,11,2,0.9,14,9
67138,1,1303,50,0,11,0,2.3999999999999977,23,0,1.0,12,11
67237,0,1304,50,1,11,1,2.399999999999997,29,0,1.0,14,12
67238,1,1304,50,0,10,1,1.7999999999999994,17,1,1.4,18,10
67266,1,1305,14,0,2,0,0.6000000000000002,6,1,0.8,6,2
67267,0,1305,15,1,1,0,0.0,5,0,-0.1999999999999999,6,2
67366,0,1306,50,0,9,2,1.2000000000000002,12,1,1.4,17,9
67367,1,1306,50,1,10,0,1.7999999999999985,23,0,1.8,17,11
67408,0,1307,21,1,3,0,0.5000000000000003,11,0,0.8,7,4
67409,1,1307,21,1,2,0,0.0,5,0,-0.1999999999999999,5,3
67426,0,1308,9,2,1,0,0.5000000000000001,17,0,0.8,4,3
67427,1,1308,9,1,0,0,0.0,5,2,-1.1,7,1
67526,0,1309,50,1,8,2,0.6000000000000008,12,0,1.8,12,9
67527,1,1309,50,0,11,0,2.399999999999998,23,0,1.0,15,11
67592,0,1310,33,2,5,0,0.5000000000000004,17,1,0.8,9,7
67593,1,1310,33,1,4,0,0.0,5,0,-0.1999999999999999,9,5
67622,0,1311,15,1,3,0,1.1,17,1,0.8,7,4
67623,1,1311,15,1,1,0,0.0,5,0,-1.0,7,2
67722,0,1312,50,0,10,2,1.7999999999999985,17,2,0.9,18,10
67723,1,1312,50,0,9,1,1.1999999999999995,11,0,1.0,17,9
67764,0,1313,21,0,3,0,0.5000000000000002,5,1,0.8,7,3
67765,1,1313,21,0,2,0,0.0,0,2,-1.1,10,2
67806,0,1314,21,1,4,0,1.0999999999999996,16,0,0.8,8,5
67807,1,1314,21,1,2,0,0.0,5,0,-1.0,6,3
67824,0,1315,9,1,1,0,0.5000000000000002,11,0,-0.4,6,2
67825,1,1315,9,0,0,0,0.0,0,2,-1.1,4,0
67924,0,1316,50,0,10,3,1.7999999999999976,17,0,1.0,18,10
67925,1,1316,50,0,12,2,2.9999999999999982,29,0,1.0,18,12
67942,0,1317,9,2,1,0,0.5000000000000001,17,0,-0.4,5,3
67943,1,1317,9,0,0,0,0.0,0,2,-1.1,3,0
67972,0,1318,15,2,3,0,1.0999999999999996,22,0,1.2000000000000002,10,5
67973,1,1318,15,1,1,0,0.0,5,0,-1.0,10,2
68072,0,1319,50,0,8,2,0.6000000000000003,6,0,1.0,17,8
68073,1,1319,50,1,9,0,1.1999999999999988,17,0,1.8,15,10
68126,0,1320,27,2,5,0,1.0999999999999992,22,0,0.0,11,7
68127,1,1320,27,0,3,1,0.0,0,1,-1.1,13,3
68156,0,1321,15,1,2,0,0.4999999999999998,10,0,0.0,7,3
68157,1,1321,15,0,1,0,0.0,0,0,-1.0,4,1
68174,0,1322,9,2,1,0,0.5000000000000002,17,0,1.2000000000000002,5,3
68175,1,1322,9,0,0,0,0.0,0,2,-1.1,4,0
68274,0,1323,50,0,10,4,1.799999999999998,17,0,1.0,13,10
68275,1,1323,50,1,12,2,2.9999999999999973,35,0,1.8,16,13
68374,0,1324,50,0,11,1,2.399999999999999,23,0,1.0,17,11
68375,1,1324,50,0,8,2,0.6000000000000002,6,0,1.0,17,8
68428,0,1325,27,1,6,0,1.7000000000000002,23,0,0.8,15,7
68429,1,1325,27,1,3,0,0.0,5,0,-1.0,11,4
68458,0,1326,15,0,2,0,0.5000000000000002,5,1,0.8,5,2
68459,1,1326,15,0,1,0,0.0,0,2,-1.1,5,1
68558,0,1327,50,0,8,1,0.5999999999999995,5,0,1.0,15,8
68559,1,1327,50,0,9,0,1.2000000000000004,12,1,1.8,15,9
68600,0,1328,21,1,3,0,0.5000000000000006,11,0,-0.4,7,4
68601,1,1328,21,1,2,0,0.0,5,0,-0.1999999999999999,6,3
68618,0,1329,9,0,1,0,0.5000000000000001,5,1,0.8,4,1
68619,1,1329,9,0,0,0,0.0,0,0,-1.0,4,0
68636,0,1330,9,2,1,0,0.5000000000000001,17,1,0.8,4,3
68637,1,1330,9,0,0,0,0.0,0,2,-1.1,4,0
68654,0,1331,9,1,1,0,0.5000000000000002,11,0,0.0,4,2
68655,1,1331,9,1,0,0,0.0,5,0,-0.1999999999999999,4,1
68754,0,1332,50,1,7,2,6.938893903907228e-16,6,0,1.8,9,8
68755,1,1332,50,0,10,0,1.7999999999999967,17,0,1.0,10,10
68854,0,1333,50,1,11,2,2.399999999999997,29,0,1.0,19,12
68855,1,1333,50,1,7,2,1.3877787807814454e-16,6,2,0.9,18,8
68884,0,1334,15,1,2,0,0.5000000000000003,11,0,-0.4,6,3
68885,1,1334,15,1,1,0,0.0,5,0,-0.1999999999999999,5,2
68914,0,1335,15,0,2,0,0.5000000000000001,5,1,0.8,7,2
68915,1,1335,15,0,1,0,0.0,0,1,-1.1,8,1
68956,0,1336,21,1,3,0,0.5000000000000003,11,0,0.0,7,4
68957,1,1336,21,1,2,0,0.0,5,0,-0.1999999999999999,6,3
69056,0,1337,50,0,9,3,1.1999999999999995,11,0,1.0,14,9
69057,1,1337,50,0,11,0,2.399999999999997,23,1,1.8,11,11
69098,0,1338,21,0,4,0,1.1,11,1,0.4,9,4
69099,1,1338,21,0,2,0,0.0,0,0,-1.0,8,2
69198,0,1339,50,1,9,3,1.1999999999999995,17,0,1.8,12,10
69199,1,1339,50,0,11,1,2.399999999999997,23,0,1.0,10,11
69264,0,1340,33,1,6,1,1.0999999999999988,16,0,-0.4,8,7
69265,1,1340,33,1,4,0,0.0,5,0,-1.0,8,5
69294,0,1341,15,1,2,0,0.5000000000000001,11,0,-0.4,8,3
69295,1,1341,15,1,1,0,0.0,5,0,-0.1999999999999999,4,2
69324,0,1342,15,2,3,0,1.0999999999999996,22,0,1.2000000000000002,7,5
69325,1,1342,15,0,1,0,0.0,0,2,-1.1,5,1
69366,0,1343,21,1,4,0,1.0999999999999996,16,0,-0.4,14,5
69367,1,1343,21,1,2,0,0.0,5,0,-1.0,12,3
69384,0,1344,9,2,2,0,1.0999999999999996,22,0,0.8,4,4
69385,1,1344,9,1,0,0,0.0,5,0,-1.0,5,1
69484,0,1345,50,0,8,2,0.6000000000000004,6,1,1.8,11,8
69485,1,1345,50,0,10,0,1.7999999999999967,17,0,1.0,9,10
69584,0,1346,50,1,8,1,0.6000000000000004,12,0,1.8,12,9
69585,1,1346,50,0,8,1,0.6000000000000005,6,0,1.0,14,8
69614,0,1347,15,2,2,0,0.5000000000000003,17,0,1.2000000000000002,8,4
69615,1,1347,15,0,1,0,0.0,0,2,-1.1,7,1
69655,1,1348,20,0,3,0,0.6000000000000004,6,1,0.8,7,3
69656,0,1348,21,2,2,0,0.0,11,0,-0.1999999999999999,7,4
69697,0,1349,21,0,4,0,1.1,11,2,-0.1,11,4
69698,1,1349,21,1,2,0,0.0,5,0,-1.0,9,3
69727,0,1350,15,0,2,0,0.5000000000000003,5,0,0.0,6,2
69728,1,1350,15,0,1,0,0.0,0,0,-1.0,5,1
69805,0,1351,39,3,7,0,1.0999999999999994,28,0,1.2000000000000002,11,10
69806,1,1351,39,1,5,0,0.0,5,0,-1.0,8,6
69905,0,1352,50,1,9,0,1.1999999999999993,17,0,1.0,14,10
69906,1,1352,50,1,7,1,8.049116928532385e-16,6,0,1.0,13,8
69935,0,1353,15,1,2,0,0.5000000000000002,11,1,0.8,6,3
69936,1,1353,15,0,1,0,0.0,0,0,-1.0,6,1
70025,0,1354,45,5,8,0,1.0999999999999974,40,0,0.0,12,13
70026,1,1354,45,0,6,1,0.0,0,2,-1.1,15,6
70125,0,1355,50,1,10,1,1.799999999999999,23,1,1.8,16,11
70126,1,1355,50,1,7,1,5.828670879282072e-16,6,0,1.0,14,8
70191,0,1356,33,2,5,0,0.4999999999999998,16,0,0.8,9,7
70192,1,1356,33,0,4,0,0.0,0,2,-1.1,10,4
70245,0,1357,27,1,4,0,0.5000000000000004,11,0,0.0,10,5
70246,1,1357,27,0,3,0,0.0,0,2,-1.1,8,3
70311,0,1358,33,0,7,0,1.6999999999999995,16,0,0.0,13,7
70312,1,1358,33,1,4,0,0.0,5,0,-1.0,12,5
70341,0,1359,15,3,2,0,0.4999999999999998,22,0,0.8,6,5
70342,1,1359,15,1,1,0,0.0,5,0,-0.1999999999999999,5,2
70359,0,1360,9,0,2,0,1.0999999999999996,10,0,0.0,5,2
70360,1,1360,9,1,0,0,0.0,5,0,-1.0,3,1
70377,0,1361,9,0,1,1,0.5000000000000002,5,2,0.0999999999999999,5,1
70378,1,1361,9,1,1,0,0.6,11,0,-0.1999999999999999,4,2
70395,0,1362,9,1,2,0,1.0999999999999996,16,0,0.0,5,3
70396,1,1362,9,1,0,0,0.0,5,0,-1.0,4,1
70413,0,1363,9,0,1,0,0.5000000000000001,5,1,0.8,4,1
70414,1,1363,9,1,0,0,0.0,5,0,-0.1999999999999999,3,1
70431,0,1364,9,1,1,0,0.5000000000000002,11,0,0.8,4,2
70432,1,1364,9,1,0,0,0.0,5,0,-0.1999999999999999,4,1
70473,0,1365,21,2,3,0,0.5,17,0,0.0,9,5
70474,1,1365,21,1,2,0,0.0,5,0,-0.1999999999999999,7,3
70514,1,1366,20,0,2,0,2.498001805406602e-16,0,2,-0.1,8,2
70515,0,1366,21,0,2,1,0.0,0,2,-1.1,10,2
70531,1,1367,8,1,0,0,1.3877787807814454e-16,6,0,0.8,6,1
70532,0,1367,9,2,0,0,0.0,11,0,-1.0,3,2
70549,0,1368,9,2,2,0,1.0999999999999996,22,0,1.2000000000000002,6,4
70550,1,1368,9,1,0,0,0.0,5,0,-0.1999999999999999,4,1
70649,0,1369,50,0,8,2,0.5999999999999994,5,0,1.0,17,8
70650,1,1369,50,0,10,1,1.7999999999999994,17,0,1.0,14,10
70749,0,1370,50,0,8,3,0.6000000000000001,6,2,1.1,16,8
70750,1,1370,50,1,12,0,2.9999999999999973,35,0,1.8,15,13
70779,0,1371,15,1,2,0,0.5000000000000003,11,0,-0.4,6,3
70780,1,1371,15,0,1,0,0.0,0,0,-1.0,6,1
70821,0,1372,21,1,4,0,1.0999999999999996,16,0,-0.4,10,5
70822,1,1372,21,1,2,0,0.0,5,0,-1.0,7,3
70875,0,1373,27,1,5,0,1.0999999999999992,16,0,-0.4,9,6
70876,1,1373,27,1,3,0,0.0,5,0,-1.0,10,4
70905,0,1374,15,1,3,0,1.1,17,0,0.8,9,4
70906,1,1374,15,0,1,0,0.0,0,2,-1.1,8,1
70959,0,1375,27,1,5,0,1.1,17,0,-0.4,10,6
70960,1,1375,27,1,3,0,0.0,5,0,-1.0,8,4
71001,0,1376,21,3,3,0,0.5000000000000004,23,0,0.8,8,6
71002,1,1376,21,0,2,0,0.0,0,2,-1.1,8,2
71101,0,1377,50,1,12,1,2.9999999999999973,35,1,1.8,18,13
71102,1,1377,50,0,9,0,1.1999999999999988,11,0,1.0,15,9
71153,0,1378,26,3,4,1,0.6000000000000001,23,0,1.2000000000000002,12,7
71154,1,1378,26,0,3,1,0.0,0,2,-1.1,10,3
71207,0,1379,27,0,5,0,1.1,11,0,0.0,9,5
71208,1,1379,27,1,3,0,0.0,5,2,-1.1,9,4
71225,0,1380,9,2,1,0,0.5000000000000002,17,0,1.2000000000000002,5,3
71226,1,1380,9,0,0,0,0.0,0,2,-1.1,5,0
71243,0,1381,9,1,1,0,0.5000000000000001,11,0,0.0,3,2
71244,1,1381,9,0,0,0,0.0,0,2,-1.1,3,0
71261,0,1382,9,1,1,0,0.5000000000000002,11,0,-0.4,6,2
71262,1,1382,9,1,0,0,0.0,5,0,-0.1999999999999999,4,1
71279,0,1383,9,2,1,0,0.5000000000000001,17,0,1.2000000000000002,5,3
71280,1,1383,9,1,0,0,0.0,5,2,-1.1,5,1
71321,0,1384,21,1,3,0,0.5000000000000004,11,0,0.8,9,4
71322,1,1384,21,0,2,0,0.0,0,2,-1.1,8,2
71421,0,1385,50,0,11,1,2.399999999999998,23,0,1.0,14,11
71422,1,1385,50,0,10,0,1.7999999999999994,17,0,1.0,15,10
71521,0,1386,50,0,10,2,1.7999999999999994,17,0,1.0,13,10
71522,1,1386,50,1,11,0,2.399999999999997,29,0,1.8,15,12
71563,0,1387,21,1,4,0,1.1,16,0,0.8,7,5
71564,1,1387,21,1,2,0,0.0,5,0,-1.0,6,3
71628,1,1388,32,1,6,0,1.1999999999999988,17,0,0.8,10,7
71629,0,1388,33,1,4,1,0.0,5,0,-0.1999999999999999,13,5
71646,0,1389,9,0,2,0,1.0999999999999996,10,0,0.0,6,2
71647,1,1389,9,0,0,0,0.0,0,2,-1.1,4,0
71664,0,1390,9,1,2,0,1.0999999999999996,16,0,0.0,5,3
71665,1,1390,9,1,0,1,0.0,5,0,-1.0,4,1
71682,0,1391,9,1,2,0,1.0999999999999996,16,0,0.0,5,3
71683,1,1391,9,1,0,1,0.0,5,0,-1.0,4,1
71712,0,1392,15,1,2,0,0.5000000000000003,11,0,-0.4,6,3
71713,1,1392,15,0,1,0,0.0,0,2,-1.1,6,1
71812,0,1393,50,0,10,2,1.7999999999999998,17,1,1.4,10,10
71813,1,1393,50,0,11,1,2.399999999999997,23,0,1.0,14,11
71912,0,1394,50,1,10,2,1.7999999999999985,23,0,1.0,15,11
71913,1,1394,50,0,9,1,1.1999999999999986,11,0,1.0,15,9
71966,0,1395,27,1,4,0,0.5000000000000006,11,0,-0.4,9,5
71967,1,1395,27,1,3,0,0.0,5,0,-1.0,10,4
71984,0,1396,9,1,1,0,0.5000000000000002,11,0,0.8,4,2
71985,1,1396,9,1,0,0,0.0,5,0,-1.0,5,1
72002,0,1397,9,1,1,0,0.5000000000000002,11,0,-0.4,4,2
72003,1,1397,9,0,0,0,0.0,0,2,-1.1,5,0
72102,0,1398,50,0,8,2,0.5999999999999998,5,0,1.0,19,8
72103,1,1398,50,0,10,1,1.799999999999999,17,1,1.8,18,10
72202,0,1399,50,0,8,3,0.5999999999999998,5,0,1.0,10,8
72203,1,1399,50,0,11,0,2.399999999999997,23,1,1.8,10,11
72256,0,1400,27,1,5,0,1.0999999999999996,16,0,0.8,10,6
72257,1,1400,27,1,3,0,0.0,5,0,-1.0,8,4
72356,0,1401,50,1,12,0,2.999999999999998,35,0,1.0,16,13
72357,1,1401,50,1,7,1,5.828670879282072e-16,6,0,1.0,16,8
72386,0,1402,15,1,2,0,0.5000000000000002,11,1,0.8,8,3
72387,1,1402,15,0,1,0,0.0,0,2,-1.1,8,1
72486,0,1403,50,0,8,3,0.5999999999999989,5,0,1.0,14,8
72487,1,1403,50,0,11,0,2.399999999999998,23,1,1.8,17,11
72540,0,1404,27,2,4,0,0.5000000000000003,17,1,0.8,11,6
72541,1,1404,27,0,3,0,0.0,0,2,-1.1,11,3
72570,0,1405,15,3,2,0,0.5000000000000001,22,0,0.8,5,5
72571,1,1405,15,0,1,0,0.0,0,2,-1.1,5,1
72612,0,1406,21,2,4,1,1.0999999999999992,22,0,0.8,7,6
72613,1,1406,21,1,2,1,0.0,5,0,-1.0,6,3
72665,1,1407,26,0,6,0,1.7999999999999994,17,0,0.0,9,6
72666,0,1407,27,1,3,1,0.0,5,0,-0.1999999999999999,10,4
72765,0,1408,50,0,10,4,1.799999999999998,17,0,1.0,19,10
72766,1,1408,50,1,12,1,2.999999999999998,35,0,1.8,17,13
72831,0,1409,33,4,5,0,0.4999999999999993,28,0,0.0,10,9
72832,1,1409,33,0,4,1,0.0,0,2,-1.1,11,4
72885,0,1410,27,1,4,0,0.5000000000000001,11,0,-0.4,10,5
72886,1,1410,27,0,3,0,0.0,0,2,-1.1,9,3
72903,0,1411,9,1,2,0,1.0999999999999996,16,0,0.8,5,3
72904,1,1411,9,1,0,0,0.0,5,0,-1.0,3,1
72945,0,1412,21,0,4,0,1.0999999999999996,10,0,0.0,9,4
72946,1,1412,21,1,2,0,0.0,5,2,-1.1,8,3
73045,0,1413,50,0,9,1,1.2000000000000008,12,1,1.4,15,9
73046,1,1413,50,0,11,0,2.399999999999999,23,1,1.8,12,11
73075,0,1414,15,2,3,0,1.1,22,0,1.2000000000000002,8,5
73076,1,1414,15,1,1,0,0.0,5,0,-1.0,6,2
73093,0,1415,9,2,1,0,0.5000000000000002,17,0,1.2000000000000002,7,3
73094,1,1415,9,0,0,0,0.0,0,2,-1.1,5,0
73147,0,1416,27,1,4,0,0.5000000000000003,11,0,0.0,6,5
73148,1,1416,27,0,3,0,0.0,0,0,-1.0,5,3
73165,0,1417,9,0,1,0,0.5000000000000002,5,2,-0.1,5,1
73166,1,1417,9,0,0,0,0.0,0,2,-1.1,4,0
73195,0,1418,15,1,3,0,1.0999999999999996,16,0,-0.4,8,4
73196,1,1418,15,1,1,0,0.0,5,0,-1.0,7,2
73295,0,1419,50,0,9,2,1.199999999999998,11,0,1.0,10,9
73296,1,1419,50,1,10,0,1.7999999999999967,23,0,1.8,11,11
73325,0,1420,15,1,2,0,0.5000000000000002,11,1,0.8,9,3
73326,1,1420,15,0,1,0,0.0,0,2,-1.1,8,1
73355,0,1421,15,2,2,0,0.5000000000000003,17,0,-0.4,7,4
73356,1,1421,15,0,1,0,0.0,0,2,-1.1,7,1
73385,0,1422,15,1,3,0,1.0999999999999996,16,0,-0.4,8,4
73386,1,1422,15,1,1,0,0.0,5,2,-1.1,7,2
73426,1,1423,20,1,3,0,0.6000000000000003,12,0,0.8,7,4
73427,0,1423,21,1,2,0,0.0,5,0,-0.1999999999999999,8,3
73444,0,1424,9,2,1,0,0.5000000000000001,17,0,1.2000000000000002,5,3
73445,1,1424,9,1,0,0,0.0,5,2,-1.1,4,1
73474,0,1425,15,2,2,0,0.5000000000000003,17,0,-0.4,6,4
73475,1,1425,15,1,1,0,0.0,5,0,-1.0,9,2
73492,0,1426,9,0,1,0,0.5000000000000001,5,2,-0.1,4,1
73493,1,1426,9,1,0,0,0.0,5,0,-0.1999999999999999,3,1
73510,0,1427,9,1,1,0,0.5000000000000002,11,0,0.0,4,2
73511,1,1427,9,1,0,0,0.0,5,0,-0.1999999999999999,3,1
73528,0,1428,9,2,2,0,1.0999999999999996,22,0,-0.4,6,4
73529,1,1428,9,0,0,0,0.0,0,1,-1.1,5,0
73558,0,1429,15,2,2,0,0.5000000000000003,17,0,0.8,4,4
73559,1,1429,15,0,1,0,0.0,0,2,-1.1,7,1
73658,0,1430,50,0,9,2,1.2,11,1,1.4,19,9
73659,1,1430,50,0,10,0,1.799999999999999,17,1,1.8,16,10
73712,0,1431,27,1,5,0,1.1,16,0,0.0,8,6
73713,1,1431,27,1,3,0,0.0,5,0,-1.0,7,4
73766,0,1432,27,0,6,0,1.7000000000000002,17,1,0.8,11,6
73767,1,1432,27,1,3,0,0.0,5,0,-1.0,7,4
73820,0,1433,27,1,5,0,1.0999999999999996,16,0,0.8,12,6
73821,1,1433,27,1,3,0,0.0,5,0,-1.0,10,4
73850,0,1434,15,0,3,0,1.1,10,0,0.0,8,3
73851,1,1434,15,1,1,1,0.0,5,0,-1.0,9,2
73916,0,1435,33,1,5,0,0.5000000000000006,11,1,0.8,9,6
73917,1,1435,33,0,4,0,0.0,0,2,-1.1,11,4
74015,1,1436,49,1,9,0,1.2999999999999994,18,0,0.0,15,10
74016,0,1436,50,1,7,3,0.0,5,0,0.8,19,8
74033,0,1437,9,2,1,0,0.5000000000000001,17,0,-0.4,5,3
74034,1,1437,9,1,0,0,0.0,5,0,-1.0,4,1
74063,0,1438,15,2,3,0,1.0999999999999996,22,0,-0.4,8,5
74064,1,1438,15,1,1,1,0.0,5,0,-1.0,8,2
74153,0,1439,45,2,7,0,0.5000000000000008,17,0,-0.4,13,9
74154,1,1439,45,0,6,0,0.0,0,2,-1.1,10,6
74170,1,1440,8,1,0,0,1.3877787807814454e-16,6,0,0.8,2,1
74171,0,1440,9,1,0,0,0.0,5,0,-1.0,3,1
74188,0,1441,9,1,1,0,0.5000000000000002,11,0,-0.4,6,2
74189,1,1441,9,0,0,0,0.0,0,2,-1.1,4,0
74206,0,1442,9,1,2,0,1.0999999999999996,16,0,-0.4,6,3
74207,1,1442,9,1,0,0,0.0,5,0,-1.0,4,1
74236,0,1443,15,1,2,0,0.5000000000000003,11,0,-0.4,6,3
74237,1,1443,15,1,1,0,0.0,5,0,-1.0,6,2
74336,0,1444,50,2,10,1,1.799999999999998,29,0,1.8,16,12
74337,1,1444,50,0,8,2,0.6000000000000005,6,0,1.0,17,8
74424,0,1445,44,1,8,0,1.1999999999999995,17,0,-0.4,19,9
74425,1,1445,44,1,6,0,0.0,5,0,-1.0,14,7
74524,0,1446,50,0,10,3,1.7999999999999967,17,0,1.0,14,10
74525,1,1446,50,0,12,0,2.9999999999999982,29,0,1.0,13,12
74602,0,1447,39,0,7,0,1.1,11,0,0.0,11,7
74603,1,1447,39,1,5,0,0.0,5,0,-0.1999999999999999,8,6
74690,0,1448,44,3,9,2,1.799999999999998,35,0,0.0,14,12
74691,1,1448,44,0,6,2,0.0,0,1,-1.1,14,6
74732,0,1449,21,0,3,0,0.5000000000000003,5,1,0.8,6,3
74733,1,1449,21,1,2,0,0.0,5,0,-0.1999999999999999,7,3
74832,0,1450,50,1,9,2,1.199999999999998,17,0,1.8,13,10
74833,1,1450,50,0,10,0,1.7999999999999976,17,1,0.9,15,10
74932,0,1451,50,1,12,1,2.9999999999999973,35,0,1.0,16,13
74933,1,1451,50,1,10,0,1.7999999999999985,23,0,1.8,17,11
74962,0,1452,15,2,2,0,0.5000000000000001,17,0,-0.4,5,4
74963,1,1452,15,0,1,0,0.0,0,2,-1.1,6,1
75004,0,1453,21,1,4,0,1.0999999999999996,16,0,-0.4,12,5
75005,1,1453,21,1,2,0,0.0,5,0,-1.0,8,3
75070,0,1454,33,2,5,0,0.5000000000000006,17,0,0.8,9,7
75071,1,1454,33,1,4,0,0.0,5,0,-1.0,9,5
75088,0,1455,9,1,1,0,0.5000000000000002,11,0,-0.4,6,2
75089,1,1455,9,0,0,0,0.0,0,2,-1.1,4,0
75105,1,1456,8,0,2,0,1.1999999999999995,11,0,0.0,4,2
75106,0,1456,9,0,0,1,0.0,0,0,-1.0,4,0
75147,0,1457,21,2,4,0,1.1,22,0,0.8,9,6
75148,1,1457,21,1,2,0,0.0,5,0,-1.0,9,3
75201,0,1458,27,0,5,0,1.0999999999999996,10,0,0.0,13,5
75202,1,1458,27,1,3,0,0.0,5,0,-1.0,12,4
75219,0,1459,9,3,1,0,0.5000000000000001,22,0,1.2000000000000002,5,4
75220,1,1459,9,1,0,0,0.0,5,0,-1.0,5,1
75319,0,1460,50,0,9,2,1.1999999999999995,11,1,1.4,15,9
75320,1,1460,50,0,10,0,1.7999999999999998,17,0,1.0,15,10
75337,0,1461,9,1,1,0,0.5000000000000002,11,0,-0.4,6,2
75338,1,1461,9,1,0,0,0.0,5,0,-1.0,5,1
75355,0,1462,9,2,1,0,0.5000000000000001,17,0,-0.4,5,3
75356,1,1462,9,0,0,0,0.0,0,2,-1.1,4,0
75397,0,1463,21,2,3,0,0.5000000000000006,17,0,-0.4,8,5
75398,1,1463,21,0,2,0,0.0,0,2,-1.1,8,2
75487,0,1464,45,1,9,0,1.7000000000000002,23,0,0.0,12,10
75488,1,1464,45,1,6,1,0.0,5,0,-1.0,10,7
75575,0,1465,44,0,9,1,1.7999999999999998,17,0,0.0,14,9
75576,1,1465,44,1,6,0,0.0,5,2,-1.1,12,7
75675,0,1466,50,2,11,1,2.399999999999997,35,0,1.0,16,13
75676,1,1466,50,0,8,1,0.5999999999999993,5,0,1.0,15,8
75717,0,1467,21,2,3,0,0.5000000000000004,17,0,0.8,8,5
75718,1,1467,21,0,2,0,0.0,0,2,-1.1,9,2
75817,0,1468,50,0,9,2,1.2000000000000006,12,1,1.4,17,9
75818,1,1468,50,1,9,0,1.1999999999999988,17,0,1.8,14,10
75834,1,1469,8,0,1,0,0.6000000000000002,6,0,0.0,3,1
75835,0,1469,9,1,0,0,0.0,5,0,-1.0,4,1
75885,1,1470,25,0,5,0,1.299999999999999,12,0,0.0,9,5
75886,0,1470,26,1,3,2,0.0,5,0,-0.1999999999999999,11,4
75985,0,1471,50,2,12,1,2.999999999999998,41,0,1.0,22,14
75986,1,1471,50,0,8,3,0.6000000000000001,6,2,1.1,20,8
76003,0,1472,9,0,1,0,0.5000000000000002,5,0,0.0,5,1
76004,1,1472,9,0,0,0,0.0,0,0,-1.0,2,0
76067,0,1473,32,1,6,0,1.1999999999999995,17,0,0.8,15,7
76068,1,1473,32,1,4,0,0.0,5,0,-1.0,13,5
76167,0,1474,50,1,9,2,1.1999999999999988,17,0,1.8,10,10
76168,1,1474,50,1,10,0,1.7999999999999972,23,0,1.8,11,11
76185,0,1475,9,0,1,0,0.5000000000000002,5,0,0.0,4,1
76186,1,1475,9,1,0,0,0.0,5,0,-0.1999999999999999,3,1
76203,0,1476,9,2,1,0,0.5000000000000001,17,0,1.2000000000000002,5,3
76204,1,1476,9,0,0,0,0.0,0,0,-1.0,4,0
76221,0,1477,9,1,2,0,1.1,16,0,0.0,4,3
76222,1,1477,9,1,0,1,0.0,5,0,-1.0,4,1
76251,0,1478,15,2,4,0,1.6999999999999993,28,0,1.2000000000000002,7,6
76252,1,1478,15,1,1,0,0.0,5,0,-1.0,7,2
76317,0,1479,33,1,5,0,0.5000000000000006,11,1,0.8,11,6
76318,1,1479,33,1,4,0,0.0,5,0,-0.1999999999999999,9,5
76417,0,1480,50,0,12,2,2.999999999999998,29,0,1.0,17,12
76418,1,1480,50,0,12,1,2.999999999999997,29,0,1.0,14,12
76447,0,1481,15,0,3,0,1.1,11,0,0.0,10,3
76448,1,1481,15,1,1,0,0.0,5,2,-1.1,7,2
76465,0,1482,9,1,1,0,0.5000000000000001,11,1,0.8,5,2
76466,1,1482,9,0,0,0,0.0,0,2,-1.1,5,0
76519,0,1483,27,2,4,0,0.5000000000000001,17,0,0.0,10,6
76520,1,1483,27,1,3,0,0.0,5,0,-0.1999999999999999,9,4
76537,0,1484,9,1,1,0,0.5000000000000001,11,1,0.8,5,2
76538,1,1484,9,0,0,0,0.0,0,2,-1.1,5,0
76555,0,1485,9,0,1,0,0.5000000000000002,5,0,0.0,5,1
76556,1,1485,9,0,0,0,0.0,0,0,-1.0,3,0
76573,0,1486,9,1,2,0,1.0999999999999996,16,0,0.8,6,3
76574,1,1486,9,0,0,0,0.0,0,2,-1.1,5,0
76615,0,1487,21,1,4,1,1.0999999999999996,16,2,0.0999999999999999,10,5
76616,1,1487,21,1,3,0,0.6,11,0,-1.0,8,4
76632,1,1488,8,0,1,0,0.6000000000000001,6,0,0.0,4,1
76633,0,1488,9,2,0,0,0.0,11,0,-0.1999999999999999,5,2
76662,0,1489,15,1,3,0,1.1,16,0,0.0,8,4
76663,1,1489,15,1,1,0,0.0,5,2,-1.1,7,2
76692,0,1490,15,1,2,0,0.5000000000000003,11,0,0.0,7,3
76693,1,1490,15,1,1,0,0.0,5,0,-0.1999999999999999,6,2
76722,0,1491,15,1,2,0,0.5000000000000003,11,0,0.8,6,3
76723,1,1491,15,1,1,0,0.0,5,0,-0.1999999999999999,5,2
76822,0,1492,50,1,8,0,0.6000000000000009,12,0,1.8,10,9
76823,1,1492,50,0,7,0,9.15933995315754e-16,0,2,0.9,10,7
76840,0,1493,9,1,1,0,0.5000000000000002,11,0,0.0,5,2
76841,1,1493,9,0,0,0,0.0,0,1,-1.1,3,0
76930,0,1494,45,1,8,0,1.1,17,0,-0.4,13,9
76931,1,1494,45,1,6,0,0.0,5,0,-1.0,12,7
76948,0,1495,9,2,2,0,1.0999999999999996,22,0,0.8,3,4
76949,1,1495,9,0,0,1,0.0,0,1,-1.1,4,0
77001,1,1496,26,1,3,0,3.6082248300317592e-16,6,0,0.8,7,4
77002,0,1496,27,2,3,0,0.0,11,0,-0.1999999999999999,7,5
77043,0,1497,21,0,4,0,1.0999999999999996,10,0,0.0,9,4
77044,1,1497,21,1,2,0,0.0,5,0,-1.0,7,3
77143,0,1498,50,1,8,4,0.5999999999999984,11,0,1.8,17,9
77144,1,1498,50,0,11,1,2.399999999999999,23,1,1.8,14,11
77185,0,1499,21,1,4,0,1.1000000000000003,17,1,0.8,10,5
77186,1,1499,21,1,2,0,0.0,5,0,-1.0,10,3
77227,0,1500,21,0,4,0,1.0999999999999992,10,0,0.0,9,4
77228,1,1500,21,1,2,0,0.0,5,0,-1.0,10,3
77245,0,1501,9,1,1,0,0.5000000000000002,11,0,-0.4,5,2
77246,1,1501,9,0,0,0,0.0,0,2,-1.1,3,0
77287,0,1502,21,1,3,0,0.5000000000000006,11,0,0.8,7,4
77288,1,1502,21,0,2,0,0.0,0,2,-1.1,10,2
77305,0,1503,9,1,1,0,0.5000000000000001,11,0,0.8,5,2
77306,1,1503,9,1,0,0,0.0,5,0,-0.1999999999999999,3,1
77323,0,1504,9,0,1,0,0.5000000000000001,5,1,0.8,3,1
77324,1,1504,9,0,0,0,0.0,0,0,-1.0,3,0
77353,0,1505,15,1,3,0,1.0999999999999996,16,0,-0.4,7,4
77354,1,1505,15,0,1,0,0.0,0,2,-1.1,5,1
77453,0,1506,50,1,9,3,1.2000000000000004,18,0,1.0,14,10
77454,1,1506,50,0,9,1,1.1999999999999975,11,0,1.0,11,9
77553,0,1507,50,0,9,2,1.1999999999999984,11,0,1.0,14,9
77554,1,1507,50,0,11,0,2.3999999999999977,23,0,1.0,17,11
77571,0,1508,9,1,2,0,1.0999999999999996,16,0,0.0,5,3
77572,1,1508,9,1,0,0,0.0,5,0,-1.0,6,1
77601,0,1509,15,1,2,0,0.5000000000000001,11,0,0.8,3,3
77602,1,1509,15,1,1,0,0.0,5,0,-0.1999999999999999,4,2
77667,0,1510,33,1,5,1,0.5000000000000003,11,0,-0.4,11,6
77668,1,1510,33,1,4,0,0.0,5,2,-1.1,11,5
77767,0,1511,50,1,9,1,1.1999999999999995,17,1,1.8,17,10
77768,1,1511,50,0,8,0,0.6000000000000005,6,0,1.0,14,8
77867,0,1512,50,0,9,1,1.2000000000000002,12,1,1.4,17,9
77868,1,1512,50,0,11,0,2.399999999999999,23,0,1.0,16,11
77884,1,1513,8,0,1,0,0.6000000000000002,6,0,0.0,5,1
77885,0,1513,9,2,0,0,0.0,11,0,-0.1999999999999999,5,2
77901,1,1514,8,0,1,0,0.6000000000000002,6,1,0.8,4,1
77902,0,1514,9,2,0,0,0.0,11,0,-0.1999999999999999,5,2
77931,0,1515,15,1,3,0,1.0999999999999996,16,0,-0.4,6,4
77932,1,1515,15,1,1,0,0.0,5,0,-1.0,6,2
77949,0,1516,9,1,2,0,1.1,16,0,-0.4,5,3
77950,1,1516,9,1,0,0,0.0,5,0,-1.0,4,1
78027,0,1517,39,1,6,1,0.4999999999999996,10,0,0.0,12,7
78028,1,1517,39,1,5,0,0.0,5,0,-1.0,17,6
78127,0,1518,50,2,12,0,2.999999999999997,41,0,1.0,17,14
78128,1,1518,50,0,8,2,0.6000000000000006,6,1,1.8,17,8
78205,0,1519,39,2,6,2,0.4999999999999998,16,0,0.8,11,8
78206,1,1519,39,1,5,1,0.0,5,0,-1.0,13,6
78305,0,1520,50,1,9,2,1.1999999999999988,17,0,1.8,14,10
78306,1,1520,50,1,10,0,1.7999999999999972,23,0,1.0,17,11
78347,0,1521,21,1,4,0,1.0999999999999996,16,0,0.0,8,5
78348,1,1521,21,1,2,0,0.0,5,0,-0.1999999999999999,8,3
78447,0,1522,50,0,8,3,0.6000000000000001,6,0,1.0,18,8
78448,1,1522,50,0,11,0,2.400000000000001,24,1,1.8,17,11
78501,0,1523,27,2,5,1,1.0999999999999992,22,0,1.2000000000000002,11,7
78502,1,1523,27,1,3,1,0.0,5,2,-1.1,13,4
78531,0,1524,15,1,2,0,0.5000000000000003,11,0,-0.4,5,3
78532,1,1524,15,1,1,0,0.0,5,0,-0.1999999999999999,6,2
78573,0,1525,21,2,3,0,0.4999999999999998,16,0,0.0,8,5
78574,1,1525,21,1,2,0,0.0,5,0,-0.1999999999999999,5,3
78627,0,1526,27,3,5,0,1.0999999999999996,28,0,0.0,13,8
78628,1,1526,27,0,3,1,0.0,0,2,-1.1,13,3
78669,0,1527,21,0,5,0,1.7000000000000002,17,1,0.8,9,5
78670,1,1527,21,1,2,0,0.0,5,0,-1.0,7,3
78711,0,1528,21,2,4,1,1.0999999999999992,22,0,0.8,8,6
78712,1,1528,21,0,2,1,0.0,0,2,-1.1,9,2
78753,0,1529,21,0,4,0,1.1,11,0,0.0,11,4
78754,1,1529,21,1,2,0,0.0,5,0,-1.0,9,3
78819,0,1530,33,2,6,0,1.0999999999999992,22,0,1.2000000000000002,10,8
78820,1,1530,33,1,4,0,0.0,5,2,-1.1,12,5
78849,0,1531,15,1,2,0,0.5000000000000002,11,0,-0.4,8,3
78850,1,1531,15,1,1,0,0.0,5,0,-0.1999999999999999,7,2
78867,0,1532,9,2,1,0,0.5000000000000002,17,0,-0.4,5,3
78868,1,1532,9,0,0,0,0.0,0,1,-1.1,5,0
78921,0,1533,27,0,6,0,1.7000000000000002,17,1,0.8,8,6
78922,1,1533,27,1,3,0,0.0,5,0,-1.0,8,4
78939,0,1534,9,1,1,0,0.5000000000000002,11,0,0.0,4,2
78940,1,1534,9,0,0,0,0.0,0,2,-1.1,5,0
79017,0,1535,39,0,6,0,0.5000000000000006,5,1,0.8,11,6
79018,1,1535,39,1,5,0,0.0,5,0,-0.1999999999999999,7,6
79047,0,1536,15,1,2,0,0.5000000000000003,11,0,0.0,6,3
79048,1,1536,15,1,1,0,0.0,5,0,-0.1999999999999999,6,2
79088,1,1537,20,0,3,0,0.6000000000000002,6,1,0.8,7,3
79089,0,1537,21,0,2,0,0.0,0,0,-1.0,8,2
79142,0,1538,27,2,4,0,0.5000000000000007,17,0,-0.4,9,6
79143,1,1538,27,0,3,0,0.0,0,2,-1.1,11,3
79196,0,1539,27,1,6,1,1.6999999999999993,22,1,0.8,8,7
79197,1,1539,27,1,3,0,0.0,5,0,-1.0,9,4
79250,0,1540,27,1,5,0,1.0999999999999996,16,0,0.0,9,6
79251,1,1540,27,1,3,0,0.0,5,0,-1.0,9,4
79316,0,1541,33,2,6,0,1.0999999999999992,22,0,0.0,12,8
79317,1,1541,33,0,4,1,0.0,0,1,-1.1,11,4
79345,1,1542,14,0,2,0,0.6000000000000002,6,1,0.8,7,2
79346,0,1542,15,0,1,0,0.0,0,0,-1.0,8,1
79445,0,1543,50,1,8,2,0.5999999999999993,11,0,1.8,12,9
79446,1,1543,50,0,11,0,2.399999999999997,23,0,1.0,11,11
79475,0,1544,15,0,2,0,0.5000000000000003,5,0,0.0,6,2
79476,1,1544,15,0,1,0,0.0,0,2,-1.1,9,1
79575,0,1545,50,0,8,2,0.6000000000000005,6,2,1.1,16,8
79576,1,1545,50,1,10,0,1.799999999999999,23,0,1.8,14,11
79653,0,1546,39,2,6,0,0.5000000000000006,17,0,0.0,9,8
79654,1,1546,39,0,5,0,0.0,0,2,-1.1,13,5
79671,0,1547,9,0,2,0,1.0999999999999996,10,0,0.0,5,2
79672,1,1547,9,1,0,0,0.0,5,0,-1.0,5,1
79689,0,1548,9,0,2,0,1.0999999999999996,10,0,0.0,7,2
79690,1,1548,9,0,0,0,0.0,0,0,-1.0,3,0
79789,0,1549,50,1,11,0,2.3999999999999977,29,0,1.0,14,12
79790,1,1549,50,0,10,0,1.7999999999999985,17,1,1.4,13,10
79865,0,1550,38,0,8,0,1.799999999999998,17,0,0.0,11,8
79866,1,1550,38,2,5,0,0.0,11,0,-0.1999999999999999,13,7
79883,0,1551,9,1,1,0,0.5000000000000002,11,0,-0.4,5,2
79884,1,1551,9,0,0,0,0.0,0,2,-1.1,6,0
79983,0,1552,50,1,8,3,0.5999999999999995,11,0,1.0,12,9
79984,1,1552,50,0,8,2,0.6000000000000003,6,0,1.0,17,8
80025,0,1553,21,1,5,0,1.6999999999999993,22,0,0.0,8,6
80026,1,1553,21,1,2,1,0.0,5,0,-1.0,10,3
80067,0,1554,21,1,4,0,1.0999999999999992,16,0,0.0,5,5
80068,1,1554,21,0,2,1,0.0,0,2,-1.1,6,2
80085,0,1555,9,1,1,0,0.5000000000000002,11,0,-0.4,5,2
80086,1,1555,9,0,0,0,0.0,0,2,-1.1,4,0
80103,0,1556,9,1,2,0,1.0999999999999996,16,0,-0.4,4,3
80104,1,1556,9,0,0,1,0.0,0,2,-1.1,5,0
80203,0,1557,50,0,9,2,1.1999999999999988,11,0,1.0,11,9
80204,1,1557,50,1,10,0,1.7999999999999972,23,0,1.8,14,11
80245,0,1558,21,0,4,0,1.0999999999999996,10,0,0.0,9,4
80246,1,1558,21,1,2,0,0.0,5,2,-1.1,12,3
80275,0,1559,15,2,2,0,0.5000000000000001,17,0,0.0,5,4
80276,1,1559,15,0,1,0,0.0,0,2,-1.1,9,1
80365,0,1560,45,1,7,2,0.500000000000001,11,2,0.0999999999999999,10,8
80366,1,1560,45,0,7,0,0.6,5,2,-1.1,14,7
80465,0,1561,50,0,9,2,1.2,11,1,1.4,13,9
80466,1,1561,50,0,10,0,1.7999999999999972,17,1,0.9,16,10
80483,0,1562,9,1,1,0,0.5000000000000002,11,0,-0.4,6,2
80484,1,1562,9,0,0,0,0.0,0,0,-1.0,5,0
80513,0,1563,15,3,2,0,0.5000000000000001,22,0,1.2000000000000002,7,5
80514,1,1563,15,0,1,0,0.0,0,2,-1.1,7,1
80567,0,1564,27,0,5,0,1.1,11,0,0.0,13,5
80568,1,1564,27,1,3,0,0.0,5,2,-1.1,9,4
80621,0,1565,27,1,4,0,0.5000000000000006,11,0,-0.4,11,5
80622,1,1565,27,1,3,0,0.0,5,0,-0.1999999999999999,10,4
80639,0,1566,9,1,1,0,0.5000000000000002,11,0,0.0,4,2
80640,1,1566,9,0,0,0,0.0,0,2,-1.1,4,0
80669,0,1567,15,0,3,0,1.1,11,0,0.0,9,3
80670,1,1567,15,1,1,0,0.0,5,0,-1.0,9,2
80769,0,1568,50,0,10,2,1.7999999999999994,17,1,1.4,13,10
80770,1,1568,50,0,11,0,2.3999999999999964,23,0,1.0,13,11
80835,0,1569,33,1,7,0,1.6999999999999988,22,0,-0.4,12,8
80836,1,1569,33,0,4,1,0.0,0,1,-1.1,14,4
80865,0,1570,15,1,3,0,1.0999999999999996,16,0,0.8,8,4
80866,1,1570,15,0,1,0,0.0,0,2,-1.1,6,1
80931,0,1571,33,1,5,1,0.5000000000000001,11,1,0.8,13,6
80932,1,1571,33,0,4,1,0.0,0,2,-1.1,13,4
80961,0,1572,15,0,3,0,1.1,10,0,0.0,8,3
80962,1,1572,15,0,1,0,0.0,0,2,-1.1,6,1
80991,0,1573,15,0,3,0,1.1,10,0,0.0,9,3
80992,1,1573,15,1,1,0,0.0,5,0,-1.0,6,2
81033,0,1574,21,1,4,1,1.0999999999999988,16,2,0.0999999999999999,8,5
81034,1,1574,21,1,3,0,0.6,11,0,-1.0,7,4
81087,0,1575,27,3,4,0,0.5000000000000001,22,0,-0.4,9,7
81088,1,1575,27,0,3,0,0.0,0,2,-1.1,12,3
81105,0,1576,9,1,1,0,0.5000000000000002,11,0,0.8,4,2
81106,1,1576,9,0,0,0,0.0,0,0,-1.0,2,0
81205,0,1577,50,0,9,3,1.199999999999999,11,0,1.0,13,9
81206,1,1577,50,1,11,0,2.399999999999997,29,0,1.0,16,12
81305,0,1578,50,0,10,2,1.7999999999999976,17,0,1.0,12,10
81306,1,1578,50,0,12,0,2.9999999999999973,29,1,1.8,13,12
81335,0,1579,15,1,2,0,0.5000000000000003,11,0,-0.4,6,3
81336,1,1579,15,1,1,0,0.0,5,0,-0.1999999999999999,6,2
81365,0,1580,15,1,2,0,0.5000000000000002,11,0,0.0,9,3
81366,1,1580,15,0,1,0,0.0,0,2,-1.1,8,1
81395,0,1581,15,1,3,0,1.0999999999999992,16,0,0.0,6,4
81396,1,1581,15,1,1,0,0.0,5,0,-1.0,8,2
81425,0,1582,15,2,2,0,0.5000000000000003,17,0,0.8,5,4
81426,1,1582,15,1,1,0,0.0,5,0,-0.1999999999999999,6,2
81455,0,1583,15,2,2,0,0.5000000000000001,17,0,0.8,4,4
81456,1,1583,15,0,1,0,0.0,0,2,-1.1,5,1
81509,0,1584,27,1,4,0,0.5000000000000006,11,0,0.0,9,5
81510,1,1584,27,0,3,0,0.0,0,2,-1.1,10,3
81563,0,1585,27,1,4,0,0.4999999999999993,10,0,0.0,13,5
81564,1,1585,27,1,3,0,0.0,5,2,-1.1,12,4
81593,0,1586,15,1,2,0,0.5000000000000003,11,0,-0.4,6,3
81594,1,1586,15,0,1,0,0.0,0,2,-1.1,7,1
81611,0,1587,9,3,1,0,0.5000000000000001,22,0,0.8,3,4
81612,1,1587,9,0,0,1,0.0,0,1,-1.1,4,0
81629,0,1588,9,1,1,0,0.5000000000000002,11,0,-0.4,6,2
81630,1,1588,9,0,0,0,0.0,0,2,-1.1,4,0
81729,0,1589,50,0,9,3,1.1999999999999995,11,0,1.0,10,9
81730,1,1589,50,1,11,0,2.399999999999997,29,0,1.8,11,12
81783,0,1590,27,3,5,0,1.0999999999999996,28,0,-0.4,8,8
81784,1,1590,27,0,3,0,0.0,0,1,-1.1,6,3
81883,0,1591,50,0,9,3,1.1999999999999995,11,0,1.0,11,9
81884,1,1591,50,1,11,1,2.399999999999997,29,0,1.8,15,12
81901,0,1592,9,0,1,0,0.5000000000000001,5,1,0.8,4,1
81902,1,1592,9,0,0,0,0.0,0,2,-1.1,4,0
81943,0,1593,21,1,4,0,1.1,17,0,0.8,8,5
81944,1,1593,21,1,2,0,0.0,5,0,-1.0,7,3
81972,1,1594,14,0,3,0,1.1999999999999993,11,0,0.0,4,3
81973,0,1594,15,1,1,1,0.0,5,0,-0.1999999999999999,6,2
82062,0,1595,45,2,9,0,1.6999999999999993,28,0,-0.4,8,11
82063,1,1595,45,1,6,0,0.0,5,0,-1.0,8,7
82104,0,1596,21,1,4,0,1.1,17,0,-0.4,11,5
82105,1,1596,21,1,2,0,0.0,5,0,-1.0,8,3
82122,0,1597,9,1,1,0,0.5000000000000002,11,0,0.0,4,2
82123,1,1597,9,0,0,0,0.0,0,2,-1.1,4,0
82140,0,1598,9,2,1,0,0.5000000000000001,17,0,1.2000000000000002,5,3
82141,1,1598,9,1,0,0,0.0,5,0,-1.0,5,1
82170,0,1599,15,1,2,0,0.5000000000000001,11,0,0.8,6,3
82171,1,1599,15,0,1,0,0.0,0,0,-1.0,5,1
82270,0,1600,50,0,8,0,0.6000000000000008,6,0,1.0,13,8
82271,1,1600,50,0,9,0,1.2000000000000004,12,1,1.8,13,9
82336,0,1601,33,1,7,0,1.6999999999999988,22,0,0.0,13,8
82337,1,1601,33,1,4,1,0.0,5,0,-1.0,13,5
82426,0,1602,45,2,7,0,0.5000000000000006,17,0,-0.4,13,9
82427,1,1602,45,0,6,0,0.0,0,2,-1.1,11,6
82444,0,1603,9,1,1,0,0.5000000000000002,11,0,0.0,5,2
82445,1,1603,9,1,0,0,0.0,5,2,-1.1,5,1
82462,0,1604,9,0,1,0,0.5000000000000002,5,0,0.0,6,1
82463,1,1604,9,1,0,0,0.0,5,0,-0.1999999999999999,3,1
82562,0,1605,50,0,10,2,1.8000000000000005,18,1,1.4,9,10
82563,1,1605,50,0,11,0,2.399999999999997,23,0,1.0,13,11
82616,0,1606,27,0,5,0,1.1,11,0,0.0,11,5
82617,1,1606,27,1,3,0,0.0,5,2,-1.1,9,4
82716,0,1607,50,0,9,0,1.2000000000000006,12,0,1.0,13,9
82717,1,1607,50,0,8,0,0.6000000000000009,6,1,1.8,11,8
82816,0,1608,50,0,8,3,0.5999999999999993,5,0,1.0,12,8
82817,1,1608,50,1,11,1,2.3999999999999977,29,0,1.0,21,12
82834,0,1609,9,0,1,0,0.5000000000000001,5,1,0.8,4,1
82835,1,1609,9,1,0,0,0.0,5,0,-0.1999999999999999,2,1
82852,0,1610,9,0,2,0,1.1,10,0,0.0,6,2
82853,1,1610,9,1,0,0,0.0,5,0,-1.0,5,1
82952,0,1611,50,2,9,1,1.1999999999999993,23,0,1.0,16,11
82953,1,1611,50,0,7,1,0.0,0,2,-0.1,14,7
82981,1,1612,14,1,1,0,2.498001805406602e-16,6,0,0.8,4,2
82982,0,1612,15,0,1,0,0.0,0,0,-1.0,5,1
83081,0,1613,50,0,10,3,1.7999999999999967,17,0,1.0,18,10
83082,1,1613,50,0,12,0,2.9999999999999982,29,1,1.8,17,12
83111,0,1614,15,1,3,0,1.1,17,1,0.8,8,4
83112,1,1614,15,1,1,0,0.0,5,0,-1.0,6,2
83211,0,1615,50,0,8,0,0.6000000000000006,6,0,1.0,15,8
83212,1,1615,50,0,8,0,0.6000000000000008,6,0,1.0,9,8
83265,0,1616,27,2,4,0,0.5000000000000006,17,0,0.8,9,6
83266,1,1616,27,1,3,0,0.0,5,0,-0.1999999999999999,6,4
83329,0,1617,32,2,7,1,1.799999999999999,29,0,-0.4,14,9
83330,1,1617,32,1,4,1,0.0,5,0,-1.0,13,5
83383,0,1618,27,1,5,0,1.1000000000000003,17,1,0.8,9,6
83384,1,1618,27,1,3,0,0.0,5,0,-1.0,8,4
83401,0,1619,9,0,1,0,0.5000000000000002,5,2,-0.1,4,1
83402,1,1619,9,0,0,0,0.0,0,0,-1.0,3,0
83419,0,1620,9,0,1,0,0.5000000000000002,5,0,0.0,4,1
83420,1,1620,9,1,0,0,0.0,5,0,-1.0,4,1
83449,0,1621,15,1,3,1,1.0999999999999992,16,0,-0.4,7,4
83450,1,1621,15,1,1,2,0.0,5,0,-1.0,5,2
83479,0,1622,15,1,2,0,0.5000000000000003,11,0,0.8,5,3
83480,1,1622,15,1,1,0,0.0,5,0,-0.1999999999999999,4,2
83533,0,1623,27,2,4,0,0.5000000000000001,17,0,-0.4,8,6
83534,1,1623,27,1,3,0,0.0,5,2,-1.1,9,4
83633,0,1624,50,1,8,1,0.600000000000001,12,0,1.0,11,9
83634,1,1624,50,1,7,0,6.938893903907228e-16,6,0,1.0,15,8
83663,0,1625,15,1,2,1,0.4999999999999998,10,0,0.0,7,3
83664,1,1625,15,0,1,0,0.0,0,2,-1.1,4,1
83763,0,1626,50,0,9,3,1.199999999999999,11,0,1.0,11,9
83764,1,1626,50,0,11,0,2.399999999999997,23,0,1.0,14,11
83793,0,1627,15,3,2,0,0.5000000000000003,23,0,1.2000000000000002,7,5
83794,1,1627,15,1,1,0,0.0,5,0,-0.1999999999999999,6,2
83893,0,1628,50,1,8,0,0.6000000000000005,12,0,1.0,14,9
83894,1,1628,50,1,7,0,6.938893903907228e-16,6,0,1.8,12,8
83993,0,1629,50,0,10,1,1.7999999999999994,17,0,1.0,17,10
83994,1,1629,50,0,11,0,2.4,23,0,1.0,17,11
84035,0,1630,21,1,4,1,1.0999999999999992,16,0,0.0,9,5
84036,1,1630,21,0,2,2,0.0,0,2,-1.1,7,2
84052,1,1631,8,0,2,0,1.1999999999999995,11,0,0.0,4,2
84053,0,1631,9,0,0,1,0.0,0,2,-1.1,4,0
84094,0,1632,21,0,5,0,1.7000000000000002,17,1,0.8,8,5
84095,1,1632,21,1,2,0,0.0,5,0,-1.0,7,3
84124,0,1633,15,1,3,0,1.0999999999999996,16,0,-0.4,7,4
84125,1,1633,15,1,1,0,0.0,5,0,-1.0,5,2
84142,0,1634,9,1,1,0,0.5000000000000001,11,0,-0.4,5,2
84143,1,1634,9,1,0,0,0.0,5,0,-1.0,6,1
84220,0,1635,39,0,8,0,1.6999999999999993,16,0,0.0,14,8
84221,1,1635,39,1,5,0,0.0,5,2,-1.1,12,6
84250,0,1636,15,0,3,0,1.0999999999999996,10,2,-0.1,8,3
84251,1,1636,15,0,1,0,0.0,0,2,-1.1,7,1
84339,1,1637,44,1,6,0,8.049116928532385e-16,6,0,0.8,9,7
84340,0,1637,45,1,6,0,0.0,5,0,-0.1999999999999999,9,7
84357,0,1638,9,1,2,0,1.1,16,0,-0.4,6,3
84358,1,1638,9,1,0,0,0.0,5,0,-1.0,4,1
84423,0,1639,33,1,6,0,1.1,17,0,-0.4,15,7
84424,1,1639,33,1,4,0,0.0,5,0,-1.0,11,5
84500,1,1640,38,0,7,0,1.1999999999999975,11,0,0.0,9,7
84501,0,1640,39,1,5,2,0.0,5,0,-0.1999999999999999,12,6
84518,0,1641,9,1,1,0,0.5000000000000002,11,0,0.0,5,2
84519,1,1641,9,1,0,0,0.0,5,2,-1.1,5,1
84536,0,1642,9,1,1,0,0.5000000000000002,11,0,0.0,4,2
84537,1,1642,9,0,0,0,0.0,0,1,-1.1,4,0
84554,0,1643,9,2,1,0,0.5000000000000001,17,0,0.0,4,3
84555,1,1643,9,0,0,0,0.0,0,2,-1.1,5,0
84608,0,1644,27,2,5,0,1.0999999999999992,22,0,-0.4,9,7
84609,1,1644,27,1,3,1,0.0,5,0,-1.0,6,4
84626,0,1645,9,0,1,1,0.5000000000000002,5,2,0.0999999999999999,5,1
84627,1,1645,9,1,1,0,0.6,11,0,-0.1999999999999999,4,2
84644,0,1646,9,1,1,0,0.5000000000000002,11,0,0.8,3,2
84645,1,1646,9,1,0,0,0.0,5,0,-0.1999999999999999,4,1
84698,0,1647,27,1,5,0,1.1,17,0,0.8,9,6
84699,1,1647,27,0,3,0,0.0,0,2,-1.1,6,3
84752,0,1648,27,1,5,0,1.1000000000000003,17,1,0.8,8,6
84753,1,1648,27,1,3,0,0.0,5,0,-1.0,10,4
84794,0,1649,21,2,3,0,0.5000000000000003,17,0,1.2000000000000002,9,5
84795,1,1649,21,1,2,0,0.0,5,0,-1.0,10,3
84860,0,1650,33,2,5,0,0.5000000000000006,17,0,0.0,10,7
84861,1,1650,33,0,4,0,0.0,0,2,-1.1,9,4
84902,0,1651,21,0,4,0,1.1,11,0,0.0,10,4
84903,1,1651,21,0,2,0,0.0,0,2,-1.1,10,2
85002,0,1652,50,1,10,0,1.7999999999999976,23,0,1.0,13,11
85003,1,1652,50,0,9,0,1.2,11,0,1.0,15,9
85102,0,1653,50,1,8,1,0.6000000000000002,12,0,1.8,13,9
85103,1,1653,50,0,8,0,0.6000000000000006,6,0,1.0,13,8
85156,0,1654,27,1,5,0,1.1000000000000003,17,0,-0.4,13,6
85157,1,1654,27,1,3,0,0.0,5,0,-1.0,10,4
85174,0,1655,9,1,2,0,1.0999999999999996,16,0,0.0,5,3
85175,1,1655,9,1,0,0,0.0,5,0,-1.0,4,1
85204,0,1656,15,1,3,0,1.1,17,1,0.8,8,4
85205,1,1656,15,1,1,0,0.0,5,0,-1.0,8,2
85258,0,1657,27,1,5,0,1.0999999999999996,16,0,-0.4,12,6
85259,1,1657,27,1,3,0,0.0,5,0,-1.0,10,4
85288,0,1658,15,0,4,0,1.6999999999999995,16,0,0.0,6,4
85289,1,1658,15,1,1,0,0.0,5,0,-1.0,7,2
85306,0,1659,9,1,1,0,0.5000000000000002,11,0,0.0,7,2
85307,1,1659,9,1,0,0,0.0,5,2,-1.1,4,1
85324,0,1660,9,1,2,0,1.1,16,0,-0.4,5,3
85325,1,1660,9,1,0,0,0.0,5,0,-1.0,4,1
85390,0,1661,33,0,7,1,1.6999999999999993,16,0,0.0,12,7
85391,1,1661,33,1,4,1,0.0,5,0,-0.1999999999999999,10,5
85432,0,1662,21,2,3,0,0.5000000000000006,17,0,0.8,6,5
85433,1,1662,21,0,2,0,0.0,0,2,-1.1,8,2
85462,0,1663,15,1,3,0,1.0999999999999996,16,0,-0.4,7,4
85463,1,1663,15,1,1,0,0.0,5,0,-1.0,6,2
85562,0,1664,50,0,11,1,2.399999999999998,23,0,1.0,14,11
85563,1,1664,50,0,9,1,1.1999999999999995,11,2,1.1,15,9
85616,0,1665,27,2,4,0,0.5000000000000003,17,0,1.2000000000000002,11,6
85617,1,1665,27,1,3,0,0.0,5,0,-1.0,8,4
85634,0,1666,9,1,2,0,1.1,16,0,0.0,5,3
85635,1,1666,9,1,0,0,0.0,5,0,-1.0,5,1
85652,0,1667,9,0,2,0,1.1,10,0,0.0,6,2
85653,1,1667,9,1,0,0,0.0,5,0,-1.0,3,1
85682,0,1668,15,1,2,0,0.5000000000000003,11,0,-0.4,6,3
85683,1,1668,15,1,1,0,0.0,5,0,-0.1999999999999999,7,2
85724,0,1669,21,2,3,0,0.5000000000000001,17,0,1.2000000000000002,10,5
85725,1,1669,21,0,2,0,0.0,0,0,-1.0,10,2
85754,0,1670,15,1,2,0,0.5000000000000002,11,0,-0.4,8,3
85755,1,1670,15,1,1,0,0.0,5,0,-0.1999999999999999,6,2
85796,0,1671,21,1,4,0,1.1,17,0,0.8,11,5
85797,1,1671,21,1,2,0,0.0,5,0,-1.0,9,3
85862,0,1672,33,2,7,1,1.699999999999998,28,0,-0.4,9,9
85863,1,1672,33,1,4,1,0.0,5,0,-1.0,10,5
85962,0,1673,50,0,8,1,0.6000000000000008,6,0,1.0,13,8
85963,1,1673,50,0,9,0,1.199999999999999,11,0,1.0,9,9
86004,0,1674,21,2,3,0,0.5000000000000004,17,0,0.0,8,5
86005,1,1674,21,0,2,0,0.0,0,2,-1.1,8,2
86034,0,1675,15,2,2,0,0.5000000000000001,17,0,0.0,7,4
86035,1,1675,15,1,1,0,0.0,5,0,-0.1999999999999999,6,2
86064,0,1676,15,1,3,0,1.1,17,0,0.0,7,4
86065,1,1676,15,0,1,0,0.0,0,2,-1.1,7,1
86142,0,1677,39,0,6,0,0.5000000000000007,5,0,0.0,12,6
86143,1,1677,39,1,5,0,0.0,5,2,-1.1,9,6
86172,0,1678,15,1,2,0,0.5000000000000001,11,0,-0.4,6,3
86173,1,1678,15,1,1,0,0.0,5,0,-1.0,7,2
86272,0,1679,50,0,11,1,2.399999999999998,23,1,0.9,17,11
86273,1,1679,50,1,9,0,1.1999999999999995,17,0,0.6,14,10
86301,1,1680,14,0,2,0,0.6000000000000002,6,1,0.8,5,2
86302,0,1680,15,1,1,0,0.0,5,0,-1.0,6,2
86343,0,1681,21,1,4,1,1.099999999999999,16,0,-0.4,9,5
86344,1,1681,21,1,2,1,0.0,5,0,-1.0,8,3
86443,0,1682,50,0,8,2,0.5999999999999998,5,0,1.0,14,8
86444,1,1682,50,0,10,0,1.799999999999998,17,0,1.0,17,10
86543,0,1683,50,0,9,1,1.199999999999999,11,0,1.0,14,9
86544,1,1683,50,0,11,1,2.399999999999997,23,2,1.9,14,11
86573,0,1684,15,0,2,0,0.5000000000000003,5,2,-0.1,7,2
86574,1,1684,15,0,1,0,0.0,0,0,-1.0,8,1
86673,0,1685,50,1,10,1,1.7999999999999998,23,0,1.0,17,11
86674,1,1685,50,1,7,1,0.0,5,0,0.0,10,8
86727,0,1686,27,2,5,0,1.0999999999999992,22,0,1.2000000000000002,12,7
86728,1,1686,27,1,3,0,0.0,5,0,-1.0,9,4
86757,0,1687,15,1,3,0,1.1,17,0,0.8,8,4
86758,1,1687,15,1,1,0,0.0,5,0,-1.0,7,2
86821,0,1688,32,1,6,0,1.1999999999999995,17,0,-0.4,15,7
86822,1,1688,32,2,4,0,0.0,11,0,-0.1999999999999999,8,6
86875,0,1689,27,1,4,0,0.5000000000000006,11,0,-0.4,8,5
86876,1,1689,27,0,3,0,0.0,0,2,-1.1,8,3
86975,0,1690,50,0,11,1,2.3999999999999977,23,1,1.8,11,11
86976,1,1690,50,1,8,1,0.6000000000000001,12,0,1.8,13,9
87075,0,1691,50,1,13,1,3.599999999999997,41,0,1.0,16,14
87076,1,1691,50,0,10,1,1.7999999999999998,17,1,1.4,15,10
87175,0,1692,50,1,12,0,2.999999999999997,35,0,1.0,17,13
87176,1,1692,50,1,8,1,0.5999999999999991,11,0,0.6,15,9
87205,0,1693,15,1,2,0,0.5000000000000003,11,0,0.0,7,3
87206,1,1693,15,1,1,0,0.0,5,0,-1.0,7,2
87235,0,1694,15,1,2,0,0.5000000000000003,11,0,0.0,8,3
87236,1,1694,15,0,1,0,0.0,0,2,-1.1,7,1
87265,0,1695,15,1,2,0,0.5000000000000002,11,0,-0.4,7,3
87266,1,1695,15,0,1,0,0.0,0,0,-1.0,5,1
87365,0,1696,50,0,8,0,0.6000000000000009,6,0,1.0,9,8
87366,1,1696,50,0,7,0,2.498001805406602e-16,0,2,0.9,10,7
87465,0,1697,50,0,11,1,2.3999999999999977,23,0,1.0,16,11
87466,1,1697,50,0,10,0,1.7999999999999985,17,0,1.0,16,10
87482,1,1698,8,0,1,0,0.6000000000000001,6,0,0.0,4,1
87483,0,1698,9,1,0,0,0.0,5,0,-1.0,5,1
87582,0,1699,50,0,8,1,0.6000000000000006,6,1,1.8,12,8
87583,1,1699,50,0,10,0,1.7999999999999998,17,1,1.8,9,10
87624,0,1700,21,1,3,0,0.5000000000000002,11,0,0.8,6,4
87625,1,1700,21,0,2,0,0.0,0,0,-1.0,7,2
87654,0,1701,15,0,2,0,0.5000000000000002,5,1,0.8,8,2
87655,1,1701,15,0,1,0,0.0,0,2,-1.1,8,1
87672,0,1702,9,1,2,0,1.1,16,0,0.8,6,3
87673,1,1702,9,1,0,0,0.0,5,0,-1.0,5,1
87702,0,1703,15,1,2,0,0.5000000000000003,11,0,-0.4,5,3
87703,1,1703,15,0,1,0,0.0,0,2,-1.1,8,1
87744,0,1704,21,1,3,0,0.5000000000000003,11,0,-0.4,10,4
87745,1,1704,21,1,2,0,0.0,5,0,-0.1999999999999999,7,3
87762,0,1705,9,2,1,0,0.5000000000000001,17,0,-0.4,5,3
87763,1,1705,9,0,0,0,0.0,0,2,-1.1,4,0
87804,0,1706,21,1,3,0,0.5000000000000003,11,0,0.0,7,4
87805,1,1706,21,0,2,0,0.0,0,2,-1.1,10,2
87858,0,1707,27,3,4,0,0.5000000000000001,22,0,0.0,13,7
87859,1,1707,27,0,3,1,0.0,0,2,-1.1,11,3
87912,0,1708,27,2,4,0,0.5,17,0,1.2000000000000002,9,6
87913,1,1708,27,1,3,0,0.0,5,0,-1.0,10,4
88012,0,1709,50,0,11,3,2.399999999999999,23,0,1.0,16,11
88013,1,1709,50,0,10,1,1.799999999999998,17,0,1.0,14,10
88054,0,1710,21,1,4,0,1.1,16,0,0.8,11,5
88055,1,1710,21,0,2,0,0.0,0,2,-1.1,10,2
88108,0,1711,27,1,4,0,0.5000000000000003,11,0,0.0,10,5
88109,1,1711,27,0,3,0,0.0,0,2,-1.1,8,3
88208,0,1712,50,0,8,2,0.600000000000001,6,0,1.0,14,8
88209,1,1712,50,0,9,0,1.1999999999999995,11,0,1.0,13,9
88226,0,1713,9,4,1,0,0.5000000000000001,28,0,1.2000000000000002,3,5
88227,1,1713,9,0,0,1,0.0,0,2,-1.1,5,0
88326,0,1714,50,1,9,2,1.1999999999999984,17,0,1.8,14,10
88327,1,1714,50,0,11,0,2.400000000000001,24,1,1.8,11,11
88355,1,1715,14,0,2,0,0.6000000000000002,6,0,0.0,7,2
88356,0,1715,15,1,1,0,0.0,5,0,-1.0,7,2
88385,0,1716,15,3,2,0,0.5000000000000001,22,0,0.0,6,5
88386,1,1716,15,0,1,0,0.0,0,1,-1.1,7,1
88439,0,1717,27,1,5,0,1.1,16,0,0.0,9,6
88440,1,1717,27,1,3,0,0.0,5,0,-1.0,7,4
88457,0,1718,9,1,2,0,1.0999999999999996,16,0,-0.4,4,3
88458,1,1718,9,1,0,0,0.0,5,0,-1.0,4,1
88557,0,1719,50,0,8,4,0.6000000000000001,6,0,1.0,16,8
88558,1,1719,50,0,9,1,1.1999999999999993,11,0,1.0,12,9
88599,0,1720,21,1,3,0,0.5000000000000003,11,0,-0.4,8,4
88600,1,1720,21,1,2,0,0.0,5,0,-0.1999999999999999,7,3
88665,0,1721,33,3,5,0,0.5000000000000001,22,0,1.2000000000000002,11,8
88666,1,1721,33,1,4,0,0.0,5,0,-0.1999999999999999,6,5
88695,0,1722,15,3,2,0,0.5000000000000001,22,0,-0.4,6,5
88696,1,1722,15,0,1,0,0.0,0,2,-1.1,6,1
88713,0,1723,9,1,2,0,1.1,16,0,0.8,6,3
88714,1,1723,9,1,0,0,0.0,5,0,-1.0,4,1
88813,0,1724,50,1,8,3,0.5999999999999984,11,0,1.8,15,9
88814,1,1724,50,1,10,0,1.7999999999999994,23,0,1.8,16,11
88831,0,1725,9,2,1,0,0.5000000000000001,17,1,0.8,3,3
88832,1,1725,9,1,0,0,0.0,5,0,-0.1999999999999999,2,1
88873,0,1726,21,2,4,0,1.0999999999999992,22,0,0.8,6,6
88874,1,1726,21,1,2,0,0.0,5,0,-1.0,5,3
88903,0,1727,15,1,2,0,0.5000000000000003,11,0,0.0,5,3
88904,1,1727,15,1,1,0,0.0,5,0,-0.1999999999999999,5,2
88933,0,1728,15,1,3,0,1.0999999999999996,16,0,0.0,7,4
88934,1,1728,15,1,1,0,0.0,5,0,-1.0,8,2
88951,0,1729,9,1,1,0,0.5000000000000002,11,0,-0.4,6,2
88952,1,1729,9,1,0,0,0.0,5,0,-0.1999999999999999,4,1
89051,0,1730,50,0,8,0,0.6000000000000003,6,2,0.9,16,8
89052,1,1730,50,0,7,0,8.049116928532385e-16,0,2,0.9,12,7
89069,0,1731,9,1,1,0,0.5000000000000002,11,0,0.8,6,2
89070,1,1731,9,1,0,0,0.0,5,0,-0.1999999999999999,3,1
89169,0,1732,50,0,8,3,0.6000000000000005,6,2,1.1,13,8
89170,1,1732,50,0,10,0,1.799999999999998,17,0,1.0,12,10
89187,0,1733,9,1,2,0,1.0999999999999996,16,0,0.8,6,3
89188,1,1733,9,0,0,0,0.0,0,2,-1.1,3,0
89241,0,1734,27,2,4,0,0.5000000000000006,17,0,1.2000000000000002,8,6
89242,1,1734,27,1,3,0,0.0,5,0,-0.1999999999999999,7,4
89283,0,1735,21,1,4,0,1.1,17,0,0.8,10,5
89284,1,1735,21,0,2,0,0.0,0,2,-1.1,9,2
89383,0,1736,50,0,8,3,0.6000000000000009,6,0,1.0,12,8
89384,1,1736,50,1,10,0,1.7999999999999967,23,0,1.8,9,11
89413,0,1737,15,1,2,0,0.5000000000000002,11,1,0.8,6,3
89414,1,1737,15,1,1,0,0.0,5,0,-0.1999999999999999,7,2
89491,0,1738,39,1,9,0,2.2999999999999994,28,1,0.8,13,10
89492,1,1738,39,1,5,1,0.0,5,0,-1.0,17,6
89521,0,1739,15,1,2,0,0.5000000000000003,11,0,0.0,6,3
89522,1,1739,15,0,1,0,0.0,0,2,-1.1,8,1
89539,0,1740,9,0,1,0,0.5000000000000001,5,0,0.0,3,1
89540,1,1740,9,1,0,0,0.0,5,0,-0.1999999999999999,3,1
89605,0,1741,33,2,7,0,1.6999999999999984,28,0,0.8,11,9
89606,1,1741,33,1,4,0,0.0,5,0,-1.0,12,5
89659,0,1742,27,2,5,0,1.1,22,0,0.8,12,7
89660,1,1742,27,0,3,0,0.0,0,1,-1.1,9,3
89689,0,1743,15,2,2,0,0.4999999999999998,16,0,0.0,6,4
89690,1,1743,15,1,1,0,0.0,5,0,-0.1999999999999999,4,2
89718,1,1744,14,0,2,0,0.6000000000000003,6,0,0.0,6,2
89719,0,1744,15,1,1,0,0.0,5,0,-0.1999999999999999,7,2
89748,0,1745,15,1,3,0,1.0999999999999996,16,0,0.8,8,4
89749,1,1745,15,0,1,0,0.0,0,2,-1.1,6,1
89766,0,1746,9,0,1,0,0.5000000000000002,5,2,-0.1,6,1
89767,1,1746,9,0,0,0,0.0,0,2,-1.1,5,0
89796,0,1747,15,2,2,0,0.5000000000000003,17,0,1.2000000000000002,6,4
89797,1,1747,15,1,1,0,0.0,5,2,-1.1,6,2
89814,0,1748,9,2,1,0,0.5000000000000002,17,0,1.2000000000000002,5,3
89815,1,1748,9,1,0,0,0.0,5,0,-1.0,6,1
89855,1,1749,20,1,2,0,3.6082248300317592e-16,6,0,0.8,7,3
89856,0,1749,21,3,2,0,0.0,17,0,-1.0,8,5
89955,0,1750,50,1,8,2,0.6000000000000005,12,0,1.8,16,9
89956,1,1750,50,0,10,0,1.7999999999999976,17,0,1.0,12,10
89973,0,1751,9,1,1,0,0.5000000000000002,11,0,0.0,6,2
89974,1,1751,9,0,0,0,0.0,0,2,-1.1,5,0
90003,0,1752,15,0,2,0,0.5000000000000002,5,1,0.8,6,2
90004,1,1752,15,0,1,0,0.0,0,0,-1.0,5,1
90033,0,1753,15,2,2,0,0.5000000000000002,17,0,-0.4,7,4
90034,1,1753,15,1,1,0,0.0,5,0,-1.0,6,2
90133,0,1754,50,1,7,2,1.3877787807814454e-16,6,0,1.8,13,8
90134,1,1754,50,1,9,0,1.1999999999999975,17,0,1.8,17,10
90223,0,1755,45,1,8,0,1.1000000000000003,17,0,-0.4,13,9
90224,1,1755,45,1,6,0,0.0,5,0,-1.0,12,7
90241,0,1756,9,0,2,0,1.0999999999999996,10,0,0.0,7,2
90242,1,1756,9,0,0,0,0.0,0,2,-1.1,4,0
90307,0,1757,33,0,5,1,0.5,5,0,0.0,14,5
90308,1,1757,33,1,4,0,0.0,5,0,-0.1999999999999999,13,5
90337,0,1758,15,1,2,0,0.5000000000000002,11,1,0.8,7,3
90338,1,1758,15,0,1,0,0.0,0,2,-1.1,9,1
90437,0,1759,50,0,10,2,1.8000000000000005,18,1,1.8,15,10
90438,1,1759,50,0,8,1,0.5999999999999993,5,0,1.0,15,8
90503,0,1760,33,1,7,0,1.6999999999999988,22,0,0.0,11,8
90504,1,1760,33,1,4,0,0.0,5,0,-1.0,11,5
90545,0,1761,21,1,3,0,0.5000000000000006,11,0,0.0,10,4
90546,1,1761,21,0,2,0,0.0,0,2,-1.1,9,2
90587,0,1762,21,1,4,0,1.1,17,0,-0.4,8,5
90588,1,1762,21,1,2,0,0.0,5,2,-1.1,8,3
90605,0,1763,9,1,2,0,1.1,16,0,0.8,5,3
90606,1,1763,9,1,0,0,0.0,5,0,-1.0,5,1
90659,0,1764,27,1,4,0,0.5000000000000003,11,1,0.8,9,5
90660,1,1764,27,1,3,0,0.0,5,0,-0.1999999999999999,10,4
90677,0,1765,9,2,1,0,0.5000000000000002,17,0,-0.4,5,3
90678,1,1765,9,1,0,0,0.0,5,2,-1.1,5,1
90694,1,1766,8,0,1,0,0.6000000000000002,6,0,0.0,5,1
90695,0,1766,9,0,0,0,0.0,0,0,-1.0,4,0
90712,0,1767,9,1,2,0,1.0999999999999996,16,0,0.8,7,3
90713,1,1767,9,0,0,0,0.0,0,2,-1.1,5,0
90730,0,1768,9,0,2,0,1.0999999999999996,10,0,0.0,7,2
90731,1,1768,9,1,0,0,0.0,5,0,-1.0,3,1
90748,0,1769,9,2,1,0,0.5000000000000002,17,0,0.8,5,3
90749,1,1769,9,1,0,0,0.0,5,0,-1.0,4,1
90802,0,1770,27,1,5,0,1.1000000000000003,17,0,0.8,12,6
90803,1,1770,27,1,3,0,0.0,5,0,-0.1999999999999999,9,4
90844,0,1771,21,1,3,0,0.4999999999999998,10,0,0.0,9,4
90845,1,1771,21,0,2,0,0.0,0,0,-1.0,10,2
90910,0,1772,33,1,6,0,1.0999999999999996,16,0,-0.4,10,7
90911,1,1772,33,1,4,0,0.0,5,0,-1.0,8,5
90952,0,1773,21,1,4,0,1.1,16,0,-0.4,11,5
90953,1,1773,21,0,2,0,0.0,0,2,-1.1,10,2
91052,0,1774,50,2,11,0,2.3999999999999977,35,0,1.0,21,13
91053,1,1774,50,1,7,2,0.0,5,0,0.0,18,8
91106,0,1775,27,2,5,0,1.0999999999999994,22,0,0.8,7,7
91107,1,1775,27,1,3,0,0.0,5,0,-1.0,9,4
91206,0,1776,50,0,8,1,0.6000000000000011,6,0,1.0,12,8
91207,1,1776,50,0,8,0,0.5999999999999982,5,2,0.9,12,8
91248,0,1777,21,3,3,0,0.5000000000000001,22,0,0.8,8,6
91249,1,1777,21,1,2,1,0.0,5,0,-0.1999999999999999,9,3
91290,0,1778,21,1,4,0,1.0999999999999996,16,0,0.8,12,5
91291,1,1778,21,1,2,0,0.0,5,0,-0.1999999999999999,8,3
91356,0,1779,33,2,7,0,1.6999999999999988,28,0,1.2000000000000002,11,9
91357,1,1779,33,1,4,0,0.0,5,0,-1.0,10,5
91374,0,1780,9,1,1,0,0.5000000000000001,11,0,0.0,4,2
91375,1,1780,9,1,0,0,0.0,5,0,-0.1999999999999999,4,1
91428,0,1781,27,2,5,0,1.0999999999999988,22,0,-0.4,10,7
91429,1,1781,27,1,3,0,0.0,5,0,-1.0,7,4
91528,0,1782,50,1,8,3,0.6000000000000001,12,0,1.8,17,9
91529,1,1782,50,0,10,0,1.799999999999998,17,0,1.0,18,10
91606,0,1783,39,3,7,0,1.0999999999999992,28,0,1.2000000000000002,12,10
91607,1,1783,39,1,5,1,0.0,5,2,-1.1,10,6
91706,0,1784,50,0,8,3,0.6000000000000003,6,0,1.0,15,8
91707,1,1784,50,0,10,1,1.7999999999999976,17,0,1.0,12,10
91724,0,1785,9,1,2,0,1.1,16,0,0.0,4,3
91725,1,1785,9,1,0,0,0.0,5,0,-1.0,5,1
91766,0,1786,21,1,3,0,0.5000000000000003,11,0,-0.4,7,4
91767,1,1786,21,1,2,0,0.0,5,0,-1.0,8,3
91808,0,1787,21,2,3,0,0.4999999999999998,16,0,0.0,7,5
91809,1,1787,21,1,2,0,0.0,5,0,-1.0,5,3
91838,0,1788,15,1,3,0,1.0999999999999996,16,0,-0.4,7,4
91839,1,1788,15,1,1,0,0.0,5,0,-1.0,5,2
91868,0,1789,15,1,3,0,1.0999999999999996,16,0,-0.4,7,4
91869,1,1789,15,1,1,0,0.0,5,0,-1.0,8,2
91968,0,1790,50,1,10,1,1.7999999999999985,23,0,1.8,11,11
91969,1,1790,50,1,12,0,2.999999999999997,35,0,1.8,14,13
92010,0,1791,21,0,4,0,1.1,10,0,0.0,9,4
92011,1,1791,21,1,2,0,0.0,5,0,-1.0,9,3
92028,0,1792,9,0,1,0,0.5000000000000002,5,2,-0.1,7,1
92029,1,1792,9,0,0,0,0.0,0,2,-1.1,4,0
92046,0,1793,9,1,1,0,0.5000000000000002,11,0,0.0,4,2
92047,1,1793,9,1,0,0,0.0,5,0,-0.1999999999999999,3,1
92064,0,1794,9,1,1,0,0.5000000000000001,11,0,0.8,3,2
92065,1,1794,9,0,0,0,0.0,0,1,-1.1,5,0
92082,0,1795,9,1,1,0,0.5000000000000002,11,0,0.0,4,2
92083,1,1795,9,1,0,0,0.0,5,2,-1.1,5,1
92112,0,1796,15,2,2,0,0.5000000000000003,17,0,-0.4,6,4
92113,1,1796,15,0,1,0,0.0,0,2,-1.1,8,1
92130,0,1797,9,1,1,0,0.5000000000000001,11,0,-0.4,5,2
92131,1,1797,9,0,0,0,0.0,0,2,-1.1,5,0
92230,0,1798,50,0,10,1,1.7999999999999994,17,0,1.0,12,10
92231,1,1798,50,0,10,0,1.7999999999999976,17,0,1.0,14,10
92320,0,1799,45,2,7,0,0.5000000000000006,17,0,-0.4,10,9
92321,1,1799,45,0,6,0,0.0,0,2,-1.1,9,6
92338,0,1800,9,1,1,0,0.5000000000000002,11,0,-0.4,5,2
92339,1,1800,9,0,0,0,0.0,0,2,-1.1,4,0
92380,0,1801,21,3,3,0,0.5000000000000003,23,1,0.8,5,6
92381,1,1801,21,0,2,0,0.0,0,2,-1.1,8,2
92398,0,1802,9,1,2,0,1.1,16,0,-0.4,6,3
92399,1,1802,9,1,0,0,0.0,5,0,-1.0,4,1
92416,0,1803,9,1,1,0,0.5000000000000001,11,0,-0.4,5,2
92417,1,1803,9,1,0,0,0.0,5,0,-1.0,5,1
92481,1,1804,32,1,7,0,1.799999999999998,23,0,0.8,7,8
92482,0,1804,33,1,4,2,0.0,5,0,-0.1999999999999999,8,5
92547,0,1805,33,2,5,0,0.5000000000000006,17,0,-0.4,12,7
92548,1,1805,33,0,4,0,0.0,0,1,-1.1,8,4
92613,0,1806,33,1,7,0,1.7000000000000002,23,0,0.8,10,8
92614,1,1806,33,0,4,1,0.0,0,2,-1.1,10,4
92713,0,1807,50,1,11,0,2.3999999999999977,29,0,1.0,14,12
92714,1,1807,50,0,8,1,0.6000000000000001,6,2,1.1,14,8
92743,0,1808,15,0,3,0,1.1,10,0,0.0,8,3
92744,1,1808,15,1,1,0,0.0,5,0,-1.0,6,2
92785,0,1809,21,1,4,0,1.1,17,0,0.8,9,5
92786,1,1809,21,1,2,0,0.0,5,0,-1.0,7,3
92815,0,1810,15,1,3,0,1.1,17,1,0.8,6,4
92816,1,1810,15,1,1,0,0.0,5,0,-1.0,6,2
92845,0,1811,15,1,2,0,0.5000000000000003,11,0,0.0,7,3
92846,1,1811,15,1,1,0,0.0,5,0,-1.0,8,2
92875,0,1812,15,1,3,0,1.1,17,0,0.8,8,4
92876,1,1812,15,1,1,0,0.0,5,0,-1.0,7,2
92893,0,1813,9,1,1,0,0.5000000000000001,11,1,0.8,5,2
92894,1,1813,9,0,0,0,0.0,0,0,-1.0,5,0
92993,0,1814,50,1,10,0,1.799999999999998,23,0,1.0,13,11
92994,1,1814,50,1,8,0,0.6000000000000004,12,1,1.8,12,9
93023,0,1815,15,0,3,0,1.1,10,0,0.0,10,3
93024,1,1815,15,0,1,0,0.0,0,2,-1.1,7,1
93123,0,1816,50,0,9,3,1.1999999999999988,11,0,1.0,14,9
93124,1,1816,50,1,11,0,2.399999999999998,29,0,1.8,12,12
93223,0,1817,50,1,9,1,1.2000000000000006,18,0,1.8,15,10
93224,1,1817,50,2,7,0,8.049116928532385e-16,12,0,1.8,14,9
93241,0,1818,9,1,1,0,0.5000000000000001,11,0,0.0,4,2
93242,1,1818,9,0,0,0,0.0,0,2,-1.1,5,0
93283,0,1819,21,1,3,0,0.5000000000000002,11,0,-0.4,8,4
93284,1,1819,21,1,2,0,0.0,5,2,-1.1,9,3
93383,0,1820,50,2,12,0,2.9999999999999973,41,0,1.8,18,14
93384,1,1820,50,0,8,0,0.6000000000000008,6,0,1.0,15,8
93483,0,1821,50,1,10,3,1.7999999999999985,23,0,1.8,16,11
93484,1,1821,50,0,8,3,0.6000000000000005,6,0,1.0,9,8
93583,0,1822,50,1,10,2,1.7999999999999967,23,0,1.0,14,11
93584,1,1822,50,0,9,2,1.1999999999999988,11,0,1.0,9,9
93683,0,1823,50,0,9,3,1.1999999999999988,11,0,1.0,14,9
93684,1,1823,50,0,11,0,2.3999999999999977,23,0,1.0,12,11
93772,1,1824,44,0,7,1,0.6000000000000003,6,0,0.0,15,7
93773,0,1824,45,1,6,2,0.0,5,0,-1.0,14,7
93850,0,1825,39,2,6,1,0.5000000000000001,17,0,-0.4,16,8
93851,1,1825,39,1,5,1,0.0,5,0,-0.1999999999999999,13,6
93880,0,1826,15,1,4,0,1.6999999999999993,22,1,0.8,6,5
93881,1,1826,15,1,1,0,0.0,5,0,-1.0,6,2
93898,0,1827,9,2,1,0,0.5000000000000002,17,0,1.2000000000000002,5,3
93899,1,1827,9,1,0,0,0.0,5,2,-1.1,6,1
93916,0,1828,9,2,2,0,1.0999999999999996,22,0,1.2000000000000002,6,4
93917,1,1828,9,1,0,0,0.0,5,0,-1.0,4,1
93958,0,1829,21,1,3,0,0.5000000000000006,11,0,-0.4,10,4
93959,1,1829,21,1,2,0,0.0,5,0,-0.1999999999999999,9,3
94012,0,1830,27,1,5,0,1.1,17,1,0.8,9,6
94013,1,1830,27,1,3,0,0.0,5,0,-1.0,10,4
94042,0,1831,15,0,2,0,0.5000000000000002,5,1,0.8,8,2
94043,1,1831,15,1,1,0,0.0,5,0,-0.1999999999999999,6,2
94142,0,1832,50,0,8,3,0.6,5,1,0.9,13,8
94143,1,1832,50,1,9,0,1.1999999999999962,17,0,1.8,8,10
94159,1,1833,8,2,2,0,1.1999999999999995,23,0,0.8,5,4
94160,0,1833,9,1,0,1,0.0,5,0,-0.1999999999999999,3,1
94201,0,1834,21,0,4,0,1.1,10,0,0.0,8,4
94202,1,1834,21,1,2,0,0.0,5,2,-1.1,7,3
94301,0,1835,50,1,12,0,2.9999999999999973,35,1,1.8,19,13
94302,1,1835,50,1,8,1,0.6000000000000002,12,1,1.8,18,9
94355,0,1836,27,2,6,0,1.6999999999999993,28,0,0.8,15,8
94356,1,1836,27,1,3,1,0.0,5,0,-1.0,13,4
94373,0,1837,9,0,2,0,1.0999999999999996,10,0,0.0,6,2
94374,1,1837,9,1,0,0,0.0,5,0,-1.0,4,1
94462,1,1838,44,1,8,0,1.199999999999997,17,0,0.8,7,9
94463,0,1838,45,1,6,2,0.0,5,0,-0.1999999999999999,9,7
94562,0,1839,50,1,8,1,0.6000000000000003,12,0,1.8,13,9
94563,1,1839,50,0,9,0,1.1999999999999984,11,1,1.8,11,9
94604,0,1840,21,0,4,0,1.1,11,0,0.0,14,4
94605,1,1840,21,0,2,0,0.0,0,2,-1.1,8,2
94634,0,1841,15,2,3,0,1.0999999999999996,22,0,-0.4,8,5
94635,1,1841,15,0,1,1,0.0,0,2,-1.1,7,1
94734,0,1842,50,0,10,2,1.799999999999998,17,1,1.4,12,10
94735,1,1842,50,0,11,0,2.3999999999999977,23,1,1.8,17,11
94764,0,1843,15,1,3,0,1.0999999999999996,16,0,-0.4,9,4
94765,1,1843,15,1,1,0,0.0,5,0,-1.0,7,2
94782,0,1844,9,1,1,0,0.5000000000000002,11,0,-0.4,5,2
94783,1,1844,9,1,0,0,0.0,5,2,-1.1,6,1
94882,0,1845,50,0,8,1,0.6000000000000006,6,0,1.0,15,8
94883,1,1845,50,0,9,0,1.199999999999997,11,0,1.0,8,9
94900,0,1846,9,1,1,0,0.5000000000000001,11,0,-0.4,5,2
94901,1,1846,9,1,0,0,0.0,5,0,-1.0,4,1
94954,0,1847,27,1,4,0,0.5000000000000003,11,0,0.8,11,5
94955,1,1847,27,0,3,0,0.0,0,2,-1.1,10,3
95044,0,1848,45,1,9,0,1.6999999999999993,22,1,0.8,13,10
95045,1,1848,45,1,6,0,0.0,5,0,-1.0,15,7
95061,1,1849,8,1,0,0,1.3877787807814454e-16,6,0,0.8,5,1
95062,0,1849,9,2,0,0,0.0,11,0,-0.1999999999999999,4,2
95079,0,1850,9,1,2,0,1.0999999999999996,16,0,-0.4,7,3
95080,1,1850,9,0,0,0,0.0,0,2,-1.1,4,0
95097,0,1851,9,2,2,0,1.0999999999999996,22,0,1.2000000000000002,5,4
95098,1,1851,9,1,0,1,0.0,5,0,-0.1999999999999999,4,1
95197,0,1852,50,2,10,0,1.799999999999998,29,0,1.0,16,12
95198,1,1852,50,1,7,0,5.828670879282072e-16,6,0,1.0,16,8
95297,0,1853,50,1,8,2,0.6000000000000005,12,0,1.8,17,9
95298,1,1853,50,0,11,0,2.399999999999999,23,0,1.0,17,11
95397,0,1854,50,0,8,3,0.6000000000000001,6,0,1.0,13,8
95398,1,1854,50,1,10,0,1.7999999999999972,23,0,1.0,11,11
95439,0,1855,21,1,3,0,0.5000000000000001,11,0,0.0,10,4
95440,1,1855,21,1,2,0,0.0,5,2,-1.1,9,3
95493,0,1856,27,1,4,0,0.5000000000000006,11,0,0.0,11,5
95494,1,1856,27,1,3,0,0.0,5,0,-1.0,10,4
95547,0,1857,27,1,5,0,1.0999999999999996,16,0,-0.4,12,6
95548,1,1857,27,1,3,0,0.0,5,0,-1.0,10,4
95589,0,1858,21,2,3,0,0.5000000000000001,17,0,-0.4,9,5
95590,1,1858,21,1,2,0,0.0,5,0,-1.0,10,3
95619,0,1859,15,2,2,1,0.5000000000000001,17,0,-0.4,5,4
95620,1,1859,15,0,1,1,0.0,0,2,-1.1,5,1
95719,0,1860,50,0,8,2,0.6000000000000004,6,0,1.0,12,8
95720,1,1860,50,0,10,0,1.7999999999999985,17,1,1.8,18,10
95737,0,1861,9,0,1,0,0.5000000000000001,5,2,-0.1,4,1
95738,1,1861,9,1,0,0,0.0,5,0,-0.1999999999999999,4,1
95767,0,1862,15,1,3,0,1.1,16,0,-0.4,11,4
95768,1,1862,15,1,1,0,0.0,5,0,-1.0,6,2
95867,0,1863,50,1,10,2,1.7999999999999985,23,0,1.8,13,11
95868,1,1863,50,0,9,0,1.1999999999999995,11,0,1.0,15,9
95897,0,1864,15,1,2,0,0.5000000000000001,11,0,-0.4,6,3
95898,1,1864,15,0,1,0,0.0,0,2,-1.1,9,1
95939,0,1865,21,1,4,0,1.1,17,0,0.0,9,5
95940,1,1865,21,0,2,0,0.0,0,2,-1.1,7,2
96039,0,1866,50,1,8,1,0.6000000000000005,12,0,1.8,15,9
96040,1,1866,50,0,11,0,2.3999999999999995,23,1,1.8,16,11
96068,1,1867,14,1,2,0,0.6000000000000001,12,0,0.8,5,3
96069,0,1867,15,0,1,1,0.0,0,0,-1.0,6,1
96168,0,1868,50,1,9,2,1.199999999999998,17,0,1.8,11,10
96169,1,1868,50,0,12,0,2.999999999999997,29,1,1.8,14,12
96245,1,1869,38,0,6,0,0.5999999999999998,5,0,0.0,8,6
96246,0,1869,39,1,5,1,0.0,5,0,-0.1999999999999999,10,6
96287,0,1870,21,0,3,0,0.5000000000000004,5,0,0.0,9,3
96288,1,1870,21,0,2,0,0.0,0,2,-1.1,8,2
96341,0,1871,27,0,6,0,1.6999999999999995,16,0,0.0,7,6
96342,1,1871,27,1,3,0,0.0,5,0,-1.0,10,4
96383,0,1872,21,3,3,0,0.5000000000000004,23,0,1.2000000000000002,7,6
96384,1,1872,21,1,2,0,0.0,5,0,-1.0,7,3
96483,0,1873,50,1,8,2,0.5999999999999982,11,0,1.8,13,9
96484,1,1873,50,0,11,0,2.399999999999997,23,1,1.8,11,11
96513,0,1874,15,1,3,0,1.0999999999999996,16,0,-0.4,8,4
96514,1,1874,15,0,1,1,0.0,0,2,-1.1,8,1
96567,0,1875,27,1,4,0,0.5000000000000006,11,0,0.0,6,5
96568,1,1875,27,0,3,0,0.0,0,2,-1.1,10,3
96621,0,1876,27,1,4,0,0.5000000000000006,11,0,-0.4,12,5
96622,1,1876,27,1,3,0,0.0,5,0,-0.1999999999999999,9,4
96721,0,1877,50,0,9,2,1.1999999999999995,11,0,1.0,12,9
96722,1,1877,50,0,11,0,2.3999999999999977,23,1,1.8,11,11
96739,0,1878,9,0,1,0,0.5000000000000002,5,0,0.0,6,1
96740,1,1878,9,0,0,0,0.0,0,0,-1.0,3,0
96839,0,1879,50,1,12,1,2.999999999999998,35,0,1.0,19,13
96840,1,1879,50,0,8,2,0.6000000000000003,6,0,1.0,15,8
96856,1,1880,8,0,1,0,0.6000000000000002,6,1,0.8,3,1
96857,0,1880,9,2,0,0,0.0,11,0,-0.1999999999999999,5,2
96898,0,1881,21,2,3,0,0.4999999999999998,16,0,0.0,10,5
96899,1,1881,21,0,2,0,0.0,0,2,-1.1,8,2
96998,0,1882,50,0,9,0,1.2000000000000002,12,0,1.0,15,9
96999,1,1882,50,0,8,0,0.6000000000000006,6,1,1.8,14,8
97028,0,1883,15,1,2,0,0.5000000000000003,11,0,0.0,6,3
97029,1,1883,15,0,1,0,0.0,0,2,-1.1,8,1
97128,0,1884,50,1,10,2,1.7999999999999985,23,0,1.0,12,11
97129,1,1884,50,1,7,3,2.775557561562892e-17,5,0,1.0,15,8
97182,0,1885,27,0,5,0,1.0999999999999996,10,0,0.0,10,5
97183,1,1885,27,1,3,0,0.0,5,2,-1.1,12,4
97200,0,1886,9,1,1,0,0.5000000000000001,11,0,0.0,4,2
97201,1,1886,9,0,0,0,0.0,0,2,-1.1,4,0
97230,0,1887,15,1,2,0,0.5000000000000003,11,0,-0.4,7,3
97231,1,1887,15,0,1,0,0.0,0,2,-1.1,9,1
97330,0,1888,50,0,9,2,1.2,11,1,1.4,14,9
97331,1,1888,50,0,11,0,2.3999999999999986,23,0,1.0,16,11
97360,0,1889,15,0,4,0,1.7000000000000002,17,1,0.8,6,4
97361,1,1889,15,1,1,0,0.0,5,0,-1.0,5,2
97402,0,1890,21,2,3,0,0.5000000000000006,17,0,-0.4,8,5
97403,1,1890,21,0,2,0,0.0,0,2,-1.1,8,2
97432,0,1891,15,1,3,0,1.1,17,1,0.8,6,4
97433,1,1891,15,1,1,0,0.0,5,0,-1.0,6,2
97462,0,1892,15,1,3,0,1.1,16,0,-0.4,9,4
97463,1,1892,15,1,1,0,0.0,5,0,-1.0,6,2
97562,0,1893,50,1,9,2,1.2000000000000002,18,0,1.8,14,10
97563,1,1893,50,0,7,1,2.498001805406602e-16,0,2,0.9,12,7
97592,0,1894,15,1,3,0,1.0999999999999996,16,0,-0.4,7,4
97593,1,1894,15,1,1,0,0.0,5,0,-1.0,5,2
97610,0,1895,9,0,2,0,1.0999999999999996,10,0,0.0,7,2
97611,1,1895,9,0,0,0,0.0,0,2,-1.1,4,0
97628,0,1896,9,2,1,0,0.5000000000000001,17,0,0.0,4,3
97629,1,1896,9,0,0,0,0.0,0,2,-1.1,5,0
97682,0,1897,27,1,5,1,1.0999999999999988,16,0,0.0,11,6
97683,1,1897,27,1,3,2,0.0,5,0,-1.0,11,4
97712,0,1898,15,2,2,0,0.5000000000000001,17,0,0.8,5,4
97713,1,1898,15,0,1,0,0.0,0,2,-1.1,5,1
97766,0,1899,27,3,5,0,1.0999999999999988,28,0,0.0,13,8
97767,1,1899,27,0,3,2,0.0,0,2,-1.1,9,3
97866,0,1900,50,1,11,2,2.3999999999999977,29,0,1.8,19,12
97867,1,1900,50,1,9,2,1.2000000000000002,18,0,1.8,15,10
97883,1,1901,8,0,1,0,0.6000000000000002,6,0,0.0,4,1
97884,0,1901,9,1,0,0,0.0,5,0,-1.0,3,1
97924,1,1902,20,0,5,0,1.7999999999999994,17,0,0.0,6,5
97925,0,1902,21,1,2,1,0.0,5,0,-0.1999999999999999,9,3
97978,0,1903,27,2,4,0,0.5000000000000006,17,0,1.2000000000000002,8,6
97979,1,1903,27,1,3,0,0.0,5,0,-0.1999999999999999,6,4
98020,0,1904,21,1,3,0,0.5000000000000004,11,0,0.8,6,4
98021,1,1904,21,1,2,0,0.0,5,0,-0.1999999999999999,6,3
98050,0,1905,15,2,3,0,1.0999999999999996,22,0,0.8,6,5
98051,1,1905,15,1,1,0,0.0,5,0,-1.0,5,2
98104,0,1906,27,1,6,1,1.7000000000000002,23,0,0.8,10,7
98105,1,1906,27,1,3,1,0.0,5,2,-1.1,10,4
98146,0,1907,21,0,4,0,1.1,11,1,0.4,9,4
98147,1,1907,21,1,2,0,0.0,5,0,-0.1999999999999999,8,3
98188,0,1908,21,1,5,1,1.6999999999999988,22,0,0.0,7,6
98189,1,1908,21,1,2,1,0.0,5,0,-1.0,9,3
98217,1,1909,14,0,2,0,0.6000000000000003,6,0,0.0,7,2
98218,0,1909,15,2,1,0,0.0,11,0,-0.1999999999999999,7,3
98235,0,1910,9,1,1,0,0.5000000000000002,11,0,0.0,5,2
98236,1,1910,9,1,0,0,0.0,5,0,-0.1999999999999999,4,1
98265,0,1911,15,3,2,0,0.5000000000000001,22,0,0.0,6,5
98266,1,1911,15,0,1,0,0.0,0,2,-1.1,7,1
98307,0,1912,21,1,3,0,0.5000000000000004,11,0,-0.4,8,4
98308,1,1912,21,1,2,0,0.0,5,2,-1.1,9,3
98349,0,1913,21,2,4,0,1.0999999999999996,22,0,0.8,9,6
98350,1,1913,21,1,2,0,0.0,5,0,-1.0,9,3
98439,0,1914,45,1,9,0,1.6999999999999993,22,0,0.0,11,10
98440,1,1914,45,1,6,0,0.0,5,0,-1.0,13,7
98480,1,1915,20,0,3,0,0.6000000000000002,6,0,0.0,7,3
98481,0,1915,21,2,2,0,0.0,11,0,-1.0,8,4
98510,0,1916,15,1,2,0,0.5000000000000002,11,0,-0.4,8,3
98511,1,1916,15,1,1,0,0.0,5,0,-1.0,9,2
98528,0,1917,9,1,1,0,0.5000000000000001,11,0,0.0,4,2
98529,1,1917,9,1,0,0,0.0,5,0,-1.0,4,1
98570,0,1918,21,2,4,0,1.1,22,0,1.2000000000000002,10,6
98571,1,1918,21,1,2,0,0.0,5,0,-1.0,7,3
98624,0,1919,27,0,4,0,0.5000000000000007,5,0,0.0,9,4
98625,1,1919,27,0,3,0,0.0,0,0,-1.0,6,3
98642,0,1920,9,4,1,0,0.5000000000000001,28,0,1.2000000000000002,5,5
98643,1,1920,9,0,0,1,0.0,0,2,-1.1,4,0
98684,0,1921,21,2,3,0,0.5000000000000001,17,0,1.2000000000000002,8,5
98685,1,1921,21,0,2,0,0.0,0,2,-1.1,10,2
98714,0,1922,15,1,2,0,0.5000000000000002,11,0,0.0,6,3
98715,1,1922,15,0,1,0,0.0,0,2,-1.1,9,1
98814,0,1923,50,0,10,0,1.7999999999999985,17,1,1.8,14,10
98815,1,1923,50,0,9,0,1.2000000000000004,12,1,1.4,14,9
98868,0,1924,27,0,4,0,0.5000000000000004,5,0,0.0,8,4
98869,1,1924,27,0,3,0,0.0,0,2,-1.1,9,3
98968,0,1925,50,0,8,2,0.6000000000000005,6,0,1.0,11,8
98969,1,1925,50,0,9,0,1.1999999999999966,11,0,1.0,7,9
98986,0,1926,9,1,2,0,1.1,16,0,-0.4,6,3
98987,1,1926,9,1,0,0,0.0,5,0,-1.0,4,1
99086,0,1927,50,1,8,1,0.6000000000000003,12,0,1.8,15,9
99087,1,1927,50,1,7,0,5.828670879282072e-16,6,0,1.8,13,8
99116,0,1928,15,1,3,0,1.0999999999999996,16,0,0.0,5,4
99117,1,1928,15,0,1,0,0.0,0,2,-1.1,7,1
99216,0,1929,50,0,9,2,1.1999999999999993,11,0,1.0,14,9
99217,1,1929,50,0,10,0,1.7999999999999976,17,0,1.0,16,10
99246,0,1930,15,1,3,0,1.1,17,0,-0.4,9,4
99247,1,1930,15,1,1,0,0.0,5,0,-1.0,8,2
99264,0,1931,9,2,1,0,0.5000000000000002,17,0,0.8,5,3
99265,1,1931,9,0,0,0,0.0,0,2,-1.1,5,0
99318,0,1932,27,0,5,0,1.0999999999999996,10,0,0.0,10,5
99319,1,1932,27,0,3,0,0.0,0,2,-1.1,7,3
99418,0,1933,50,0,9,2,1.1999999999999988,11,0,1.0,8,9
99419,1,1933,50,0,10,1,1.7999999999999967,17,0,1.0,12,10
99472,0,1934,27,3,5,0,1.0999999999999992,28,0,0.0,12,8
99473,1,1934,27,0,3,1,0.0,0,2,-1.1,10,3
99502,0,1935,15,3,3,0,1.0999999999999988,28,0,1.2000000000000002,4,6
99503,1,1935,15,0,1,1,0.0,0,2,-1.1,6,1
99520,0,1936,9,2,2,0,1.0999999999999996,22,0,1.2000000000000002,5,4
99521,1,1936,9,1,0,1,0.0,5,0,-1.0,4,1
99538,0,1937,9,0,1,0,0.5000000000000001,5,0,0.0,5,1
99539,1,1937,9,0,0,0,0.0,0,2,-1.1,4,0
99568,0,1938,15,1,3,0,1.0999999999999996,16,0,-0.4,9,4
99569,1,1938,15,1,1,0,0.0,5,0,-1.0,6,2
99585,1,1939,8,0,1,0,0.6000000000000002,6,0,0.0,3,1
99586,0,1939,9,2,0,0,0.0,11,0,-1.0,5,2
99685,0,1940,50,0,9,2,1.1999999999999993,11,1,1.4,19,9
99686,1,1940,50,0,10,0,1.799999999999998,17,1,1.8,13,10
99715,0,1941,15,1,2,0,0.5000000000000002,11,0,0.0,6,3
99716,1,1941,15,0,1,0,0.0,0,2,-1.1,7,1
99815,0,1942,50,0,8,2,0.600000000000001,6,2,0.9,16,8
99816,1,1942,50,0,10,0,1.799999999999999,17,0,1.0,16,10
99869,0,1943,27,1,4,0,0.5000000000000004,11,0,0.0,10,5
99870,1,1943,27,1,3,0,0.0,5,0,-1.0,12,4
99887,0,1944,9,2,1,0,0.5000000000000002,17,0,1.2000000000000002,5,3
99888,1,1944,9,0,0,0,0.0,0,2,-1.1,4,0
99941,0,1945,27,2,5,1,1.0999999999999988,22,0,0.0,9,7
99942,1,1945,27,0,3,1,0.0,0,2,-1.1,7,3
99959,0,1946,9,2,1,0,0.5000000000000001,17,0,0.8,5,3
99960,1,1946,9,1,0,0,0.0,5,2,-1.1,5,1
100024,1,1947,32,0,7,0,1.799999999999998,17,0,0.0,8,7
100025,0,1947,33,1,4,2,0.0,5,0,-0.1999999999999999,8,5
100054,0,1948,15,1,2,0,0.5000000000000001,11,0,-0.4,7,3
100055,1,1948,15,1,1,0,0.0,5,0,-0.1999999999999999,6,2
100096,0,1949,21,0,4,0,1.0999999999999994,10,0,0.0,8,4
100097,1,1949,21,1,2,0,0.0,5,0,-1.0,9,3
100162,0,1950,33,3,5,0,0.4999999999999998,22,0,0.8,11,8
100163,1,1950,33,0,4,0,0.0,0,2,-1.1,10,4
100262,0,1951,50,1,8,3,0.6000000000000005,12,0,1.8,17,9
100263,1,1951,50,0,11,0,2.399999999999999,23,0,1.0,18,11
100350,0,1952,44,1,9,1,1.7999999999999994,23,1,0.8,16,10
100351,1,1952,44,2,6,1,0.0,11,0,-0.1999999999999999,12,8
100380,0,1953,15,1,2,0,0.5000000000000002,11,0,-0.4,6,3
100381,1,1953,15,0,1,0,0.0,0,1,-1.1,9,1
100456,0,1954,38,2,6,1,0.6000000000000005,18,0,0.8,14,8
100457,1,1954,38,1,5,0,0.0,5,0,-1.0,12,6
100498,0,1955,21,1,4,0,1.1,16,0,-0.4,9,5
100499,1,1955,21,0,2,0,0.0,0,2,-1.1,8,2
100540,0,1956,21,1,3,0,0.5000000000000004,11,0,0.8,6,4
100541,1,1956,21,1,2,0,0.0,5,0,-1.0,10,3
100640,0,1957,50,3,8,0,0.6000000000000005,24,0,1.0,14,11
100641,1,1957,50,0,7,1,6.938893903907228e-16,0,0,1.0,9,7
100658,0,1958,9,1,1,0,0.5000000000000001,11,0,0.0,4,2
100659,1,1958,9,0,0,0,0.0,0,2,-1.1,4,0
100675,1,1959,8,0,1,0,0.6000000000000002,6,0,0.0,4,1
100676,0,1959,9,1,0,0,0.0,5,0,-1.0,3,1
100775,0,1960,50,1,9,0,1.1999999999999995,17,0,1.8,13,10
100776,1,1960,50,0,8,0,0.6000000000000004,6,1,1.8,11,8
100805,0,1961,15,1,3,0,1.1,17,0,0.8,6,4
100806,1,1961,15,1,1,0,0.0,5,0,-1.0,6,2
100823,0,1962,9,2,1,0,0.5000000000000001,17,0,0.0,3,3
100824,1,1962,9,0,0,0,0.0,0,2,-1.1,3,0
100877,0,1963,27,1,4,0,0.5000000000000006,11,0,-0.4,10,5
100878,1,1963,27,1,3,0,0.0,5,2,-1.1,12,4
100907,0,1964,15,2,2,0,0.5000000000000003,17,0,-0.4,7,4
100908,1,1964,15,1,1,0,0.0,5,2,-1.1,8,2
100925,0,1965,9,1,2,0,1.0999999999999996,16,0,0.8,7,3
100926,1,1965,9,1,0,0,0.0,5,0,-1.0,6,1
101025,0,1966,50,1,8,1,0.6000000000000008,12,0,1.0,14,9
101026,1,1966,50,0,8,0,0.6000000000000003,6,0,1.0,15,8
101079,0,1967,27,1,6,0,1.6999999999999993,22,0,0.0,12,7
101080,1,1967,27,1,3,1,0.0,5,0,-1.0,13,4
101179,0,1968,50,0,9,2,1.1999999999999995,11,0,1.0,14,9
101180,1,1968,50,0,11,0,2.399999999999998,23,0,1.0,13,11
101220,1,1969,20,1,2,0,3.6082248300317592e-16,6,0,0.0,9,3
101221,0,1969,21,2,2,0,0.0,11,0,-0.1999999999999999,7,4
101262,0,1970,21,1,3,0,0.5000000000000006,11,0,-0.4,11,4
101263,1,1970,21,1,2,0,0.0,5,0,-1.0,8,3
101280,0,1971,9,2,1,0,0.5000000000000001,17,0,-0.4,5,3
101281,1,1971,9,1,0,0,0.0,5,0,-1.0,5,1
101298,0,1972,9,0,2,0,1.1,10,0,0.0,6,2
101299,1,1972,9,1,0,0,0.0,5,0,-1.0,4,1
101316,0,1973,9,1,2,0,1.0999999999999996,16,0,-0.4,6,3
101317,1,1973,9,1,0,0,0.0,5,0,-1.0,5,1
101334,0,1974,9,0,1,0,0.5000000000000002,5,2,-0.1,5,1
101335,1,1974,9,0,0,0,0.0,0,0,-1.0,3,0
101376,0,1975,21,1,3,0,0.5000000000000004,11,0,0.0,8,4
101377,1,1975,21,0,2,0,0.0,0,0,-1.0,8,2
101418,0,1976,21,1,4,0,1.0999999999999996,16,0,-0.4,7,5
101419,1,1976,21,0,2,0,0.0,0,2,-1.1,7,2
101448,0,1977,15,1,2,0,0.5000000000000002,11,1,0.8,7,3
101449,1,1977,15,0,1,0,0.0,0,2,-1.1,8,1
101548,0,1978,50,2,10,1,1.799999999999999,29,0,1.8,18,12
101549,1,1978,50,0,8,1,0.6000000000000001,6,0,1.0,15,8
101648,0,1979,50,1,8,3,0.6000000000000002,12,0,1.8,13,9
101649,1,1979,50,0,11,0,2.3999999999999977,23,0,1.0,16,11
101665,1,1980,8,0,1,0,0.6000000000000002,6,1,0.8,4,1
101666,0,1980,9,2,0,0,0.0,11,0,-0.1999999999999999,4,2
101741,0,1981,38,2,7,1,1.2000000000000002,24,0,1.2000000000000002,15,9
101742,1,1981,38,1,5,1,0.0,5,0,-1.0,10,6
101783,0,1982,21,0,5,0,1.7000000000000002,17,1,0.8,10,5
101784,1,1982,21,1,2,0,0.0,5,0,-1.0,12,3
101849,0,1983,33,1,5,0,0.5000000000000006,11,0,-0.4,13,6
101850,1,1983,33,1,4,0,0.0,5,0,-0.1999999999999999,12,5
101891,0,1984,21,0,4,1,1.1,11,0,0.0,12,4
101892,1,1984,21,1,2,0,0.0,5,0,-1.0,8,3
101909,0,1985,9,1,2,0,1.0999999999999996,16,0,0.0,5,3
101910,1,1985,9,1,0,0,0.0,5,0,-1.0,5,1
102009,0,1986,50,2,8,0,0.6000000000000001,18,0,1.0,11,10
102010,1,1986,50,0,7,0,4.718447854656915e-16,0,0,1.0,8,7
102051,0,1987,21,1,4,0,1.1000000000000003,17,1,0.8,10,5
102052,1,1987,21,1,2,0,0.0,5,0,-1.0,9,3
102069,0,1988,9,1,2,0,1.0999999999999996,16,0,0.8,8,3
102070,1,1988,9,1,0,0,0.0,5,0,-1.0,3,1
102123,0,1989,27,1,4,0,0.5000000000000006,11,0,-0.4,11,5
102124,1,1989,27,0,3,0,0.0,0,0,-1.0,11,3
102153,0,1990,15,1,3,0,1.1,16,1,0.4,7,4
102154,1,1990,15,1,1,0,0.0,5,0,-1.0,6,2
102219,0,1991,33,1,6,1,1.0999999999999992,16,0,-0.4,16,7
102220,1,1991,33,1,4,0,0.0,5,0,-1.0,14,5
102319,0,1992,50,1,8,0,0.6000000000000011,12,0,1.0,12,9
102320,1,1992,50,0,7,0,4.718447854656915e-16,0,2,0.9,14,7
102337,0,1993,9,1,1,0,0.5000000000000001,11,1,0.8,5,2
102338,1,1993,9,0,0,0,0.0,0,0,-1.0,4,0
102354,1,1994,8,0,0,0,1.3877787807814454e-16,0,2,-0.1,4,0
102355,0,1994,9,1,0,0,0.0,5,0,-0.1999999999999999,3,1
102432,0,1995,39,0,7,0,1.0999999999999996,10,0,0.0,15,7
102433,1,1995,39,1,5,0,0.0,5,0,-1.0,12,6
102474,0,1996,21,2,4,0,1.0999999999999992,22,0,-0.4,10,6
102475,1,1996,21,1,2,1,0.0,5,0,-1.0,9,3
102528,0,1997,27,2,5,0,1.0999999999999996,22,0,1.2000000000000002,11,7
102529,1,1997,27,1,3,0,0.0,5,0,-1.0,11,4
102558,0,1998,15,0,2,0,0.5000000000000001,5,1,0.8,8,2
102559,1,1998,15,1,1,0,0.0,5,0,-1.0,6,2
102576,0,1999,9,1,1,0,0.5000000000000002,11,0,0.0,4,2
102577,1,1999,9,0,0,0,0.0,0,2,-1.1,5,0
102618,0,2000,21,1,4,0,1.0999999999999996,16,0,0.8,9,5
102619,1,2000,21,1,2,0,0.0,5,0,-0.1999999999999999,7,3
